1 0.55078125 0.3896484375 0.068359375 0.017578125
1 0.3896484375 0.3740234375 0.044921875 0.076171875
0 0.3642578125 0.3740234375 0.166015625 0.130859375
0 0.6103515625 0.4287109375 0.271484375 0.111328125
1 0.5439453125 0.421875 0.080078125 0.0625
0 0.369140625 0.44921875 0.16015625 0.150390625
1 0.3935546875 0.45703125 0.04296875 0.076171875
0 0.6005859375 0.5 0.26953125 0.123046875
1 0.5400390625 0.494140625 0.109375 0.0859375
0 0.466796875 0.748046875 0.0625 0.06640625
1 0.4697265625 0.755859375 0.109375 0.26171875
0 0.5380859375 0.787109375 0.068359375 0.068359375
1 0.5322265625 0.7939453125 0.123046875 0.279296875