0 0.3271484375 0.4208984375 0.06640625 0.1640625
0 0.474609375 0.3896484375 0.0546875 0.046875
1 0.251953125 0.451171875 0.10546875 0.1953125
0 0.529296875 0.376953125 0.056640625 0.048828125
1 0.8623046875 0.2900390625 0.076171875 0.13671875
1 0.18359375 0.48828125 0.134765625 0.24609375
1 0.4033203125 0.4326171875 0.140625 0.240234375
1 0.474609375 0.4140625 0.125 0.236328125
1 0.5361328125 0.3994140625 0.12890625 0.236328125
0 0.662109375 0.3798828125 0.044921875 0.037109375
0 0.60546875 0.39453125 0.044921875 0.037109375
1 0.599609375 0.404296875 0.109375 0.181640625
1 0.6611328125 0.390625 0.111328125 0.18359375
0 0.419921875 0.45703125 0.0546875 0.134765625
0 0.7392578125 0.3876953125 0.076171875 0.056640625
0 0.810546875 0.3701171875 0.078125 0.056640625
0 0.8828125 0.3896484375 0.068359375 0.052734375
0 0.1982421875 0.3017578125 0.083984375 0.060546875
1 0.6982421875 0.244140625 0.103515625 0.193359375
1 0.775390625 0.228515625 0.107421875 0.1953125
1 0.3134765625 0.400390625 0.169921875 0.341796875