0 0.486328125 0.421875 0.02734375 0.01171875
1 0.482421875 0.443359375 0.04296875 0.029296875
1 0.6484375 0.478515625 0.037109375 0.0234375
1 0.6904296875 0.486328125 0.03515625 0.021484375
0 0.357421875 0.4296875 0.0390625 0.02734375
1 0.734375 0.49609375 0.037109375 0.021484375
0 0.3955078125 0.4384765625 0.0390625 0.02734375
1 0.7783203125 0.505859375 0.037109375 0.0234375
0 0.5625 0.4697265625 0.021484375 0.01171875
0 0.5224609375 0.4619140625 0.01953125 0.009765625
1 0.6025390625 0.48046875 0.03515625 0.025390625
0 0.2412109375 0.4267578125 0.06640625 0.10546875
1 0.521484375 0.478515625 0.03125 0.021484375
1 0.39453125 0.4560546875 0.064453125 0.107421875
1 0.43359375 0.462890625 0.0625 0.10546875
0 0.3173828125 0.4423828125 0.064453125 0.109375
0 0.279296875 0.435546875 0.06640625 0.107421875
1 0.3564453125 0.44921875 0.068359375 0.111328125
1 0.5595703125 0.486328125 0.03125 0.021484375
0 0.4755859375 0.4921875 0.04296875 0.037109375
0 0.5927734375 0.5224609375 0.03515625 0.033203125
0 0.515625 0.5107421875 0.03515625 0.029296875
0 0.5537109375 0.51953125 0.03515625 0.029296875
1 0.2607421875 0.2255859375 0.052734375 0.037109375
1 0.310546875 0.234375 0.05078125 0.037109375
0 0.2587890625 0.271484375 0.037109375 0.02734375
0 0.306640625 0.28125 0.03515625 0.025390625