0 0.46484375 0.4287109375 0.02734375 0.009765625
1 0.4677734375 0.4501953125 0.041015625 0.02734375
1 0.63671875 0.4384765625 0.037109375 0.021484375
1 0.6796875 0.43359375 0.03515625 0.01953125
0 0.34375 0.4716796875 0.037109375 0.025390625
1 0.724609375 0.431640625 0.037109375 0.01953125
0 0.3828125 0.46875 0.037109375 0.025390625
1 0.76953125 0.4287109375 0.037109375 0.021484375
0 0.5517578125 0.453125 0.01953125 0.009765625
0 0.51171875 0.4580078125 0.01953125 0.0078125
1 0.5927734375 0.453125 0.03515625 0.0234375
0 0.2314453125 0.5009765625 0.060546875 0.1015625
1 0.5146484375 0.47265625 0.03125 0.021484375
1 0.38671875 0.486328125 0.056640625 0.10546875
1 0.42578125 0.482421875 0.056640625 0.103515625
0 0.30859375 0.494140625 0.056640625 0.107421875
0 0.2705078125 0.4990234375 0.060546875 0.103515625
1 0.34765625 0.490234375 0.060546875 0.107421875
1 0.5537109375 0.470703125 0.03125 0.021484375
0 0.474609375 0.4990234375 0.04296875 0.03515625
0 0.595703125 0.49609375 0.033203125 0.03125
0 0.5185546875 0.505859375 0.033203125 0.02734375
0 0.5576171875 0.50390625 0.033203125 0.02734375
1 0.1943359375 0.302734375 0.05078125 0.03515625
1 0.2451171875 0.296875 0.048828125 0.033203125
0 0.205078125 0.3466796875 0.03515625 0.025390625
0 0.25390625 0.3427734375 0.03515625 0.0234375