0 0.26171875 0.453125 0.072265625 0.037109375
1 0.6650390625 0.517578125 0.07421875 0.125
1 0.5888671875 0.5126953125 0.068359375 0.109375
1 0.91796875 0.5966796875 0.0625 0.05859375
1 0.97265625 0.603515625 0.041015625 0.0546875
1 0.734375 0.572265625 0.056640625 0.09765625
1 0.3955078125 0.54296875 0.095703125 0.185546875
0 0.3896484375 0.5419921875 0.056640625 0.044921875
1 0.3349609375 0.5361328125 0.103515625 0.1875
0 0.1923828125 0.515625 0.060546875 0.11328125
0 0.3349609375 0.5380859375 0.05859375 0.048828125
1 0.26171875 0.52734375 0.12890625 0.193359375
1 0.5185546875 0.5654296875 0.08203125 0.158203125
1 0.185546875 0.5205078125 0.13671875 0.1875
1 0.1220703125 0.51171875 0.09765625 0.126953125
1 0.4541015625 0.560546875 0.083984375 0.16015625
0 0.0361328125 0.501953125 0.037109375 0.041015625
1 0.0595703125 0.505859375 0.119140625 0.18359375
0 0.5126953125 0.5791015625 0.04296875 0.03515625
0 0.4541015625 0.576171875 0.044921875 0.033203125
0 0.900390625 0.642578125 0.072265625 0.0703125
0 0.9541015625 0.650390625 0.06640625 0.068359375
0 0.5810546875 0.599609375 0.0703125 0.0390625
0 0.6513671875 0.6142578125 0.07421875 0.04296875
0 0.2646484375 0.5634765625 0.052734375 0.091796875
0 0.71484375 0.638671875 0.072265625 0.0390625