0 0.4384765625 0.2734375 0.2109375 0.08984375
1 0.390625 0.265625 0.06640625 0.052734375
0 0.4384765625 0.3271484375 0.22265625 0.10546875
1 0.3896484375 0.3212890625 0.08984375 0.0703125
0 0.6884765625 0.57421875 0.0390625 0.03515625
1 0.6767578125 0.5859375 0.080078125 0.181640625
0 0.595703125 0.58984375 0.0390625 0.04296875
0 0.3349609375 0.5498046875 0.052734375 0.052734375
1 0.6318359375 0.609375 0.095703125 0.2109375
0 0.3916015625 0.56640625 0.056640625 0.056640625
1 0.5751953125 0.6064453125 0.103515625 0.21484375
1 0.3359375 0.5654296875 0.1015625 0.216796875
1 0.390625 0.580078125 0.107421875 0.224609375