1 0.4755859375 0.34765625 0.0390625 0.01953125
0 0.509765625 0.3583984375 0.1484375 0.05078125
1 0.4658203125 0.3701171875 0.041015625 0.025390625
0 0.5009765625 0.3828125 0.154296875 0.06640625
1 0.34375 0.3818359375 0.04296875 0.03515625
0 0.3525390625 0.3876953125 0.1171875 0.15625
1 0.4658203125 0.4296875 0.046875 0.029296875
1 0.3642578125 0.419921875 0.029296875 0.05078125
0 0.50390625 0.44921875 0.173828125 0.091796875
0 0.36328125 0.427734375 0.11328125 0.15625
1 0.462890625 0.455078125 0.048828125 0.033203125
0 0.505859375 0.4794921875 0.1796875 0.1015625
1 0.373046875 0.458984375 0.025390625 0.048828125
1 0.4619140625 0.48828125 0.064453125 0.04296875
0 0.4326171875 0.580078125 0.03515625 0.033203125
1 0.435546875 0.5849609375 0.0625 0.10546875
1 0.6474609375 0.6298828125 0.080078125 0.119140625
1 0.6044921875 0.6279296875 0.08203125 0.12890625
1 0.470703125 0.6015625 0.068359375 0.125
0 0.615234375 0.6318359375 0.029296875 0.025390625
0 0.6552734375 0.6416015625 0.017578125 0.029296875
0 0.470703125 0.607421875 0.037109375 0.033203125