0 0.3125 0.3876953125 0.078125 0.048828125
0 0.42578125 0.3994140625 0.078125 0.048828125
0 0.615234375 0.65625 0.080078125 0.033203125
0 0.5771484375 0.6845703125 0.083984375 0.02734375
0 0.8935546875 0.703125 0.072265625 0.029296875
0 0.6845703125 0.7001953125 0.076171875 0.046875
0 0.7861328125 0.712890625 0.08984375 0.041015625
0 0.56640625 0.7392578125 0.087890625 0.0625
1 0.8876953125 0.755859375 0.109375 0.076171875
0 0.6630859375 0.755859375 0.095703125 0.064453125
0 0.2939453125 0.7509765625 0.130859375 0.236328125
0 0.3896484375 0.7578125 0.134765625 0.228515625
0 0.4755859375 0.7626953125 0.126953125 0.224609375
1 0.576171875 0.7744140625 0.134765625 0.2109375
1 0.67578125 0.77734375 0.138671875 0.2109375
1 0.771484375 0.78515625 0.126953125 0.203125
0 0.8837890625 0.86328125 0.1015625 0.052734375
1 0.314453125 0.2822265625 0.107421875 0.07421875
1 0.4287109375 0.2919921875 0.109375 0.07421875