1 0.54296875 0.47265625 0.041015625 0.0703125
1 0.58984375 0.4794921875 0.044921875 0.07421875
1 0.7373046875 0.525390625 0.037109375 0.033203125
1 0.62890625 0.51171875 0.03125 0.0546875
1 0.775390625 0.533203125 0.037109375 0.03125
0 0.4228515625 0.4912109375 0.029296875 0.0234375
0 0.3916015625 0.48828125 0.029296875 0.0234375
1 0.427734375 0.494140625 0.056640625 0.109375
0 0.3037109375 0.4765625 0.037109375 0.064453125
1 0.3916015625 0.48828125 0.060546875 0.109375
1 0.34765625 0.486328125 0.076171875 0.111328125
1 0.5009765625 0.5078125 0.046875 0.091796875
1 0.3017578125 0.48046875 0.08203125 0.107421875
1 0.2626953125 0.474609375 0.060546875 0.076171875
1 0.4619140625 0.5048828125 0.048828125 0.09375
1 0.2236328125 0.47265625 0.078125 0.10546875
0 0.49609375 0.513671875 0.0234375 0.015625
0 0.462890625 0.5126953125 0.0234375 0.013671875
0 0.7607421875 0.556640625 0.04296875 0.0390625
0 0.7236328125 0.552734375 0.04296875 0.041015625
0 0.5380859375 0.52734375 0.041015625 0.0234375
0 0.580078125 0.53515625 0.041015625 0.021484375
0 0.3515625 0.5068359375 0.02734375 0.052734375
0 0.6171875 0.5498046875 0.0390625 0.021484375