1 0.1884765625 0.4287109375 0.109375 0.328125
0 0.189453125 0.4501953125 0.044921875 0.16015625
1 0.740234375 0.4345703125 0.037109375 0.119140625
0 0.0126953125 0.4638671875 0.025390625 0.048828125
0 0.40625 0.4521484375 0.05078125 0.046875
0 0.349609375 0.4541015625 0.052734375 0.046875
1 0.11328125 0.46484375 0.0703125 0.185546875
1 0.90234375 0.4375 0.05078125 0.052734375
1 0.958984375 0.4375 0.048828125 0.048828125
1 0.4111328125 0.4697265625 0.072265625 0.21484375
1 0.3466796875 0.4716796875 0.072265625 0.21875
1 0.2724609375 0.4765625 0.09765625 0.224609375
1 0.0419921875 0.484375 0.083984375 0.23046875
0 0.5341796875 0.4814453125 0.041015625 0.03515625
0 0.4755859375 0.4853515625 0.041015625 0.03515625
1 0.5341796875 0.4853515625 0.06640625 0.1640625
1 0.474609375 0.4892578125 0.06640625 0.166015625
0 0.27734375 0.50390625 0.03515625 0.130859375
0 0.60546875 0.5 0.06640625 0.0390625
0 0.67578125 0.5 0.064453125 0.0390625
0 0.8984375 0.501953125 0.056640625 0.064453125
0 0.955078125 0.5 0.056640625 0.064453125
0 0.7431640625 0.5302734375 0.056640625 0.03515625
0 0.0908203125 0.3095703125 0.080078125 0.046875
1 0.5966796875 0.359375 0.0546875 0.171875
1 0.6689453125 0.361328125 0.056640625 0.169921875