1 0.1845703125 0.3232421875 0.173828125 0.349609375
0 0.177734375 0.345703125 0.072265625 0.166015625
1 0.0986328125 0.3408203125 0.103515625 0.19921875
1 0.7265625 0.4765625 0.05859375 0.123046875
0 0.3369140625 0.3935546875 0.060546875 0.0546875
0 0.3935546875 0.4072265625 0.05859375 0.0546875
1 0.8828125 0.521484375 0.05859375 0.060546875
1 0.935546875 0.53515625 0.05859375 0.05859375
1 0.3291015625 0.41015625 0.11328125 0.23046875
1 0.2548828125 0.3935546875 0.138671875 0.240234375
1 0.39453125 0.423828125 0.111328125 0.228515625
0 0.5126953125 0.46875 0.044921875 0.041015625
0 0.455078125 0.45703125 0.044921875 0.041015625
1 0.513671875 0.47265625 0.095703125 0.173828125
1 0.4521484375 0.4619140625 0.095703125 0.177734375
0 0.2509765625 0.4228515625 0.056640625 0.134765625
0 0.578125 0.5068359375 0.0703125 0.048828125
0 0.646484375 0.5234375 0.0703125 0.048828125
0 0.8623046875 0.5810546875 0.068359375 0.072265625
0 0.9150390625 0.5947265625 0.068359375 0.072265625
0 0.705078125 0.5693359375 0.060546875 0.04296875
0 0.115234375 0.1787109375 0.08984375 0.060546875
1 0.6044921875 0.3642578125 0.0859375 0.1796875
1 0.67578125 0.3857421875 0.0859375 0.177734375