0 0.4599609375 0.509765625 0.06640625 0.029296875
0 0.2568359375 0.5107421875 0.076171875 0.044921875
0 0.3525390625 0.5234375 0.095703125 0.0390625
1 0.4521484375 0.560546875 0.107421875 0.076171875
0 0.775390625 0.5830078125 0.064453125 0.029296875
0 0.1357421875 0.5556640625 0.08984375 0.060546875
0 0.234375 0.5703125 0.09765625 0.0625
0 0.5634765625 0.6015625 0.052734375 0.021484375
0 0.66796875 0.6103515625 0.056640625 0.025390625
1 0.7724609375 0.6298828125 0.09375 0.060546875
1 0.240234375 0.611328125 0.134765625 0.25
0 0.05859375 0.6005859375 0.1171875 0.267578125
1 0.3408203125 0.619140625 0.1328125 0.24609375
1 0.1455078125 0.6123046875 0.146484375 0.259765625
1 0.5634765625 0.640625 0.08203125 0.05078125
1 0.666015625 0.6513671875 0.08203125 0.052734375
0 0.451171875 0.6875 0.107421875 0.091796875
0 0.556640625 0.7275390625 0.083984375 0.0703125
0 0.7646484375 0.7431640625 0.08984375 0.083984375
0 0.6591796875 0.7412109375 0.08984375 0.0703125