0 0.2607421875 0.4609375 0.0703125 0.03515625
1 0.666015625 0.51171875 0.0703125 0.123046875
1 0.5888671875 0.509765625 0.064453125 0.109375
1 0.921875 0.58203125 0.0625 0.056640625
1 0.9755859375 0.5869140625 0.041015625 0.0546875
1 0.736328125 0.564453125 0.0546875 0.095703125
1 0.396484375 0.5458984375 0.08984375 0.18359375
0 0.3916015625 0.5458984375 0.0546875 0.044921875
1 0.3369140625 0.5419921875 0.09765625 0.185546875
0 0.1923828125 0.5263671875 0.05859375 0.111328125
0 0.3359375 0.5439453125 0.056640625 0.046875
1 0.2626953125 0.5361328125 0.123046875 0.189453125
1 0.5205078125 0.5654296875 0.078125 0.15625
1 0.1865234375 0.5322265625 0.130859375 0.185546875
1 0.1220703125 0.525390625 0.09375 0.125
1 0.4560546875 0.5625 0.078125 0.158203125
0 0.0361328125 0.517578125 0.037109375 0.041015625
1 0.05859375 0.5224609375 0.1171875 0.181640625
0 0.515625 0.578125 0.041015625 0.033203125
0 0.4560546875 0.578125 0.04296875 0.03125
0 0.904296875 0.62890625 0.0703125 0.068359375
0 0.958984375 0.634765625 0.064453125 0.06640625
0 0.583984375 0.59765625 0.068359375 0.03515625
0 0.6552734375 0.6083984375 0.07421875 0.041015625
0 0.2666015625 0.5712890625 0.05078125 0.091796875
0 0.7197265625 0.630859375 0.0703125 0.037109375