1 0.53515625 0.4619140625 0.0390625 0.0703125
1 0.5810546875 0.45703125 0.04296875 0.07421875
1 0.7353515625 0.462890625 0.037109375 0.033203125
1 0.626953125 0.478515625 0.03125 0.052734375
1 0.7744140625 0.4599609375 0.037109375 0.03125
0 0.4228515625 0.51171875 0.029296875 0.0234375
0 0.3916015625 0.517578125 0.029296875 0.0234375
1 0.4287109375 0.5126953125 0.0546875 0.107421875
0 0.3046875 0.5283203125 0.037109375 0.064453125
1 0.3916015625 0.517578125 0.05859375 0.109375
1 0.349609375 0.5263671875 0.07421875 0.111328125
1 0.5029296875 0.5078125 0.044921875 0.091796875
1 0.302734375 0.5322265625 0.080078125 0.107421875
1 0.2646484375 0.537109375 0.05859375 0.076171875
1 0.46484375 0.5146484375 0.046875 0.09375
1 0.2265625 0.5458984375 0.076171875 0.10546875
0 0.5 0.513671875 0.0234375 0.015625
0 0.466796875 0.521484375 0.0234375 0.013671875
0 0.765625 0.4873046875 0.04296875 0.037109375
0 0.7294921875 0.4931640625 0.04296875 0.0390625
0 0.54296875 0.5166015625 0.041015625 0.021484375
0 0.5859375 0.5126953125 0.041015625 0.01953125
0 0.3583984375 0.544921875 0.025390625 0.052734375
0 0.6259765625 0.517578125 0.0390625 0.01953125