0 0.7255859375 0.447265625 0.07421875 0.033203125
0 0.521484375 0.4248046875 0.076171875 0.05078125
0 0.615234375 0.44921875 0.09765625 0.05078125
0 0.841796875 0.4892578125 0.060546875 0.03125
1 0.7138671875 0.5 0.111328125 0.0859375
0 0.3974609375 0.4501953125 0.095703125 0.0703125
0 0.4921875 0.4765625 0.099609375 0.068359375
0 0.818359375 0.55078125 0.05859375 0.02734375
0 0.923828125 0.5732421875 0.064453125 0.03515625
0 0.1171875 0.4453125 0.16015625 0.26953125
0 0.21484375 0.466796875 0.166015625 0.27734375
0 0.302734375 0.486328125 0.1640625 0.28125
1 0.4013671875 0.5078125 0.169921875 0.287109375
1 0.490234375 0.5263671875 0.15625 0.275390625
1 0.58984375 0.5419921875 0.15234375 0.265625
1 0.8134765625 0.5908203125 0.0859375 0.060546875
1 0.9169921875 0.61328125 0.091796875 0.0625
0 0.6904296875 0.62109375 0.1171875 0.103515625
0 0.7958984375 0.6796875 0.095703125 0.080078125
0 0.8984375 0.703125 0.099609375 0.083984375