1 0.138671875 0.4794921875 0.18359375 0.3515625
0 0.142578125 0.5029296875 0.076171875 0.166015625
1 0.0693359375 0.533203125 0.109375 0.19921875
1 0.693359375 0.37890625 0.0625 0.125
0 0.306640625 0.4755859375 0.0625 0.056640625
0 0.3642578125 0.4638671875 0.060546875 0.056640625
1 0.853515625 0.3515625 0.060546875 0.060546875
1 0.9072265625 0.33984375 0.05859375 0.05859375
1 0.3076171875 0.494140625 0.119140625 0.23046875
1 0.2333984375 0.51171875 0.146484375 0.2421875
1 0.3720703125 0.4775390625 0.1171875 0.228515625
0 0.498046875 0.466796875 0.046875 0.041015625
0 0.4404296875 0.48046875 0.046875 0.041015625
1 0.5009765625 0.4697265625 0.099609375 0.173828125
1 0.4404296875 0.486328125 0.1015625 0.177734375
0 0.2421875 0.5400390625 0.060546875 0.134765625
0 0.5732421875 0.4716796875 0.072265625 0.05078125
0 0.642578125 0.4560546875 0.072265625 0.05078125
0 0.861328125 0.4140625 0.0703125 0.07421875
0 0.9150390625 0.40234375 0.0703125 0.07421875
0 0.71484375 0.47265625 0.060546875 0.044921875
0 0.0283203125 0.37890625 0.056640625 0.0625
1 0.53515625 0.33203125 0.091796875 0.181640625
1 0.6083984375 0.3203125 0.091796875 0.177734375