0 0.3369140625 0.3544921875 0.083984375 0.0625
0 0.4462890625 0.3876953125 0.083984375 0.0625
0 0.583984375 0.67578125 0.083984375 0.048828125
0 0.541015625 0.6962890625 0.087890625 0.04296875
0 0.84765625 0.7744140625 0.076171875 0.04296875
0 0.642578125 0.7314453125 0.08203125 0.060546875
0 0.740234375 0.763671875 0.09375 0.056640625
0 0.51953125 0.7470703125 0.09765625 0.076171875
1 0.83203125 0.8251953125 0.12109375 0.09375
0 0.611328125 0.7822265625 0.10546875 0.080078125
0 0.25 0.70703125 0.171875 0.25390625
0 0.341796875 0.732421875 0.173828125 0.248046875
0 0.42578125 0.7529296875 0.166015625 0.2421875
1 0.5224609375 0.7841796875 0.169921875 0.23046875
1 0.6201171875 0.806640625 0.173828125 0.23046875
1 0.7119140625 0.83203125 0.16015625 0.220703125
0 0.8076171875 0.9296875 0.107421875 0.0703125
1 0.359375 0.2509765625 0.119140625 0.091796875
1 0.4697265625 0.2822265625 0.12109375 0.091796875