1 0.4599609375 0.3515625 0.0390625 0.017578125
0 0.4951171875 0.3583984375 0.1484375 0.03515625
1 0.4521484375 0.3740234375 0.041015625 0.021484375
0 0.48828125 0.3837890625 0.15234375 0.052734375
1 0.33203125 0.3994140625 0.0390625 0.033203125
0 0.341796875 0.404296875 0.103515625 0.1484375
1 0.458984375 0.43359375 0.044921875 0.025390625
1 0.3564453125 0.4345703125 0.0234375 0.05078125
0 0.4990234375 0.44921875 0.169921875 0.07421875
0 0.3564453125 0.4423828125 0.099609375 0.150390625
1 0.4580078125 0.458984375 0.046875 0.029296875
0 0.50390625 0.478515625 0.17578125 0.083984375
1 0.369140625 0.47265625 0.021484375 0.048828125
1 0.4619140625 0.4931640625 0.0625 0.037109375
0 0.44140625 0.5869140625 0.033203125 0.029296875
1 0.4453125 0.5908203125 0.052734375 0.103515625
1 0.66015625 0.6142578125 0.0703125 0.11328125
1 0.6171875 0.6162109375 0.0703125 0.123046875
1 0.4814453125 0.6044921875 0.056640625 0.123046875
0 0.62890625 0.619140625 0.02734375 0.0234375
0 0.669921875 0.625 0.013671875 0.02734375
0 0.482421875 0.6103515625 0.03515625 0.029296875