1 0.21484375 0.35546875 0.162109375 0.337890625
0 0.2109375 0.376953125 0.0703125 0.162109375
1 0.7490234375 0.4951171875 0.056640625 0.12109375
0 0.03515625 0.34765625 0.03515625 0.052734375
0 0.4208984375 0.431640625 0.056640625 0.0546875
0 0.365234375 0.419921875 0.05859375 0.0546875
1 0.1337890625 0.3720703125 0.1015625 0.193359375
1 0.9052734375 0.5361328125 0.05859375 0.060546875
1 0.9609375 0.5498046875 0.0546875 0.0546875
1 0.4208984375 0.44921875 0.107421875 0.220703125
1 0.357421875 0.435546875 0.107421875 0.224609375
1 0.28515625 0.421875 0.1328125 0.234375
1 0.060546875 0.3740234375 0.12109375 0.240234375
0 0.5380859375 0.490234375 0.044921875 0.041015625
0 0.48046875 0.4794921875 0.044921875 0.041015625
1 0.537109375 0.494140625 0.09375 0.171875
1 0.4775390625 0.4833984375 0.09375 0.173828125
0 0.283203125 0.4501953125 0.056640625 0.1328125
0 0.6025390625 0.525390625 0.0703125 0.048828125
0 0.6708984375 0.5419921875 0.068359375 0.048828125
0 0.88671875 0.59765625 0.06640625 0.072265625
0 0.94140625 0.6103515625 0.06640625 0.072265625
0 0.728515625 0.5888671875 0.060546875 0.04296875
0 0.1494140625 0.2158203125 0.0859375 0.060546875
1 0.6279296875 0.3876953125 0.083984375 0.17578125
1 0.697265625 0.40625 0.083984375 0.17578125