0 0.2900390625 0.4404296875 0.083984375 0.0625
0 0.40234375 0.4228515625 0.083984375 0.0625
0 0.65234375 0.62109375 0.083984375 0.048828125
0 0.623046875 0.658203125 0.087890625 0.04296875
0 0.9326171875 0.5947265625 0.076171875 0.04296875
0 0.73046875 0.6455078125 0.08203125 0.060546875
0 0.8310546875 0.6318359375 0.09375 0.056640625
0 0.625 0.7138671875 0.09765625 0.076171875
1 0.939453125 0.646484375 0.12109375 0.09375
0 0.7236328125 0.705078125 0.10546875 0.080078125
0 0.3662109375 0.7958984375 0.171875 0.25390625
0 0.4599609375 0.7783203125 0.173828125 0.248046875
0 0.5439453125 0.7607421875 0.166015625 0.2421875
1 0.64453125 0.7451171875 0.169921875 0.23046875
1 0.7421875 0.72265625 0.173828125 0.23046875
1 0.8359375 0.705078125 0.16015625 0.220703125
0 0.955078125 0.75 0.08984375 0.0703125
1 0.263671875 0.337890625 0.119140625 0.091796875
1 0.3779296875 0.3173828125 0.12109375 0.091796875