1 0.1943359375 0.4072265625 0.109375 0.328125
0 0.193359375 0.4287109375 0.044921875 0.16015625
1 0.744140625 0.4521484375 0.037109375 0.119140625
0 0.015625 0.4306640625 0.02734375 0.048828125
0 0.41015625 0.4462890625 0.05078125 0.046875
0 0.353515625 0.4443359375 0.052734375 0.046875
1 0.1171875 0.4375 0.0703125 0.185546875
1 0.9052734375 0.46484375 0.05078125 0.052734375
1 0.9619140625 0.4697265625 0.048828125 0.048828125
1 0.4130859375 0.4638671875 0.072265625 0.21484375
1 0.3486328125 0.4619140625 0.072265625 0.21875
1 0.2744140625 0.4609375 0.09765625 0.224609375
1 0.04296875 0.453125 0.0859375 0.23046875
0 0.5361328125 0.4833984375 0.041015625 0.03515625
0 0.4775390625 0.4833984375 0.041015625 0.03515625
1 0.53515625 0.4873046875 0.06640625 0.1640625
1 0.474609375 0.4873046875 0.06640625 0.166015625
0 0.27734375 0.48828125 0.03515625 0.130859375
0 0.60546875 0.5078125 0.06640625 0.0390625
0 0.67578125 0.51171875 0.064453125 0.0390625
0 0.8974609375 0.529296875 0.056640625 0.064453125
0 0.9541015625 0.53125 0.056640625 0.064453125
0 0.740234375 0.5478515625 0.056640625 0.03515625
0 0.10546875 0.28125 0.080078125 0.046875
1 0.6064453125 0.3671875 0.0546875 0.171875
1 0.6787109375 0.373046875 0.056640625 0.169921875