0 0.267578125 0.4326171875 0.072265625 0.04296875
1 0.6630859375 0.53125 0.083984375 0.126953125
1 0.587890625 0.5205078125 0.076171875 0.11328125
1 0.908203125 0.6328125 0.06640625 0.0625
1 0.9619140625 0.64453125 0.044921875 0.056640625
1 0.7275390625 0.5927734375 0.064453125 0.099609375
1 0.392578125 0.533203125 0.111328125 0.189453125
0 0.38671875 0.5322265625 0.05859375 0.048828125
1 0.3330078125 0.521484375 0.1171875 0.19140625
0 0.19140625 0.4892578125 0.0703125 0.115234375
0 0.33203125 0.5234375 0.060546875 0.052734375
1 0.259765625 0.5068359375 0.142578125 0.19921875
1 0.5126953125 0.5673828125 0.095703125 0.16015625
1 0.1845703125 0.4931640625 0.150390625 0.1953125
1 0.1220703125 0.478515625 0.10546875 0.1328125
1 0.44921875 0.556640625 0.095703125 0.162109375
0 0.0380859375 0.4619140625 0.041015625 0.04296875
1 0.0634765625 0.4677734375 0.126953125 0.189453125
0 0.505859375 0.5791015625 0.044921875 0.037109375
0 0.447265625 0.572265625 0.046875 0.03515625
0 0.8857421875 0.677734375 0.076171875 0.076171875
0 0.939453125 0.689453125 0.0703125 0.072265625
0 0.5712890625 0.6064453125 0.072265625 0.04296875
0 0.640625 0.626953125 0.076171875 0.048828125
0 0.259765625 0.54296875 0.060546875 0.095703125
0 0.7021484375 0.6572265625 0.072265625 0.04296875