0 0.4716796875 0.4267578125 0.02734375 0.0078125
1 0.4716796875 0.447265625 0.0390625 0.0234375
1 0.6416015625 0.4501953125 0.03515625 0.017578125
1 0.6845703125 0.4501953125 0.033203125 0.015625
0 0.3466796875 0.4580078125 0.03515625 0.021484375
1 0.7294921875 0.451171875 0.03515625 0.015625
0 0.3857421875 0.458984375 0.03515625 0.021484375
1 0.7744140625 0.4521484375 0.03515625 0.017578125
0 0.5556640625 0.4580078125 0.01953125 0.0078125
0 0.5146484375 0.458984375 0.01953125 0.005859375
1 0.5966796875 0.4609375 0.033203125 0.01953125
0 0.232421875 0.4775390625 0.052734375 0.09765625
1 0.517578125 0.474609375 0.029296875 0.017578125
1 0.388671875 0.4765625 0.048828125 0.1015625
1 0.427734375 0.4755859375 0.048828125 0.099609375
0 0.310546875 0.4775390625 0.048828125 0.103515625
0 0.271484375 0.478515625 0.052734375 0.099609375
1 0.349609375 0.4775390625 0.052734375 0.103515625
1 0.556640625 0.4755859375 0.029296875 0.017578125
0 0.474609375 0.49609375 0.0390625 0.03125
0 0.595703125 0.50390625 0.03125 0.02734375
0 0.517578125 0.5078125 0.03125 0.0234375
0 0.556640625 0.5087890625 0.03125 0.0234375
1 0.212890625 0.2763671875 0.048828125 0.029296875
1 0.263671875 0.275390625 0.046875 0.029296875
0 0.2197265625 0.3212890625 0.033203125 0.021484375
0 0.2685546875 0.322265625 0.033203125 0.01953125