0 0.1494140625 0.4453125 0.07421875 0.03515625
1 0.6826171875 0.36328125 0.080078125 0.029296875
1 0.5771484375 0.3837890625 0.08203125 0.029296875
0 0.0478515625 0.48828125 0.09375 0.046875
0 0.47265625 0.431640625 0.064453125 0.03515625
1 0.1572265625 0.4990234375 0.11328125 0.083984375
1 0.583984375 0.4296875 0.08984375 0.05859375
1 0.6953125 0.41015625 0.087890625 0.056640625
1 0.8017578125 0.3916015625 0.08984375 0.056640625
1 0.9111328125 0.3740234375 0.091796875 0.056640625
0 0.2763671875 0.505859375 0.056640625 0.02734375
0 0.3779296875 0.48828125 0.056640625 0.029296875
1 0.4794921875 0.478515625 0.091796875 0.064453125
1 0.0771484375 0.58203125 0.154296875 0.26171875
1 0.28515625 0.5439453125 0.083984375 0.05859375
1 0.3876953125 0.525390625 0.0859375 0.060546875
0 0.189453125 0.6201171875 0.1171875 0.103515625
0 0.5048828125 0.5849609375 0.095703125 0.08984375
0 0.306640625 0.62890625 0.09375 0.080078125
0 0.408203125 0.611328125 0.091796875 0.076171875