0 0.384765625 0.3486328125 0.060546875 0.1640625
0 0.529296875 0.390625 0.052734375 0.044921875
1 0.3046875 0.3408203125 0.099609375 0.1953125
0 0.583984375 0.4052734375 0.056640625 0.046875
1 0.9189453125 0.484375 0.072265625 0.13671875
1 0.2265625 0.3408203125 0.126953125 0.24609375
1 0.4462890625 0.3955078125 0.1328125 0.240234375
1 0.5185546875 0.412109375 0.1171875 0.236328125
1 0.5791015625 0.427734375 0.12109375 0.234375
0 0.69921875 0.4697265625 0.044921875 0.03515625
0 0.642578125 0.45703125 0.044921875 0.03515625
1 0.6328125 0.462890625 0.10546875 0.181640625
1 0.693359375 0.478515625 0.10546875 0.18359375
0 0.44921875 0.423828125 0.05078125 0.134765625
0 0.763671875 0.5126953125 0.076171875 0.0546875
0 0.8359375 0.53125 0.078125 0.0546875
0 0.8896484375 0.58203125 0.068359375 0.05078125
0 0.326171875 0.18359375 0.083984375 0.05859375
1 0.794921875 0.3681640625 0.09765625 0.193359375
1 0.8701171875 0.388671875 0.1015625 0.1953125
1 0.3818359375 0.32421875 0.16015625 0.341796875