0 0.462890625 0.5166015625 0.06640625 0.033203125
0 0.2626953125 0.552734375 0.078125 0.048828125
0 0.3583984375 0.548828125 0.09765625 0.046875
1 0.462890625 0.5673828125 0.111328125 0.08203125
0 0.78515625 0.5341796875 0.064453125 0.033203125
0 0.150390625 0.6181640625 0.09375 0.06640625
0 0.25 0.615234375 0.099609375 0.0703125
0 0.580078125 0.5888671875 0.0546875 0.025390625
0 0.6845703125 0.580078125 0.056640625 0.029296875
1 0.791015625 0.580078125 0.09765625 0.068359375
1 0.263671875 0.6552734375 0.15234375 0.2578125
0 0.0771484375 0.677734375 0.1484375 0.2734375
1 0.3642578125 0.64453125 0.150390625 0.25390625
1 0.1708984375 0.671875 0.162109375 0.267578125
1 0.5869140625 0.626953125 0.0859375 0.056640625
1 0.689453125 0.6201171875 0.0859375 0.05859375
0 0.484375 0.6923828125 0.11328125 0.09765625
0 0.595703125 0.71484375 0.087890625 0.076171875
0 0.802734375 0.693359375 0.095703125 0.08984375
0 0.69921875 0.7099609375 0.09375 0.076171875