0 0.7119140625 0.404296875 0.072265625 0.0234375
0 0.5068359375 0.421875 0.072265625 0.04296875
0 0.6025390625 0.427734375 0.095703125 0.041015625
0 0.8330078125 0.423828125 0.056640625 0.025390625
1 0.7099609375 0.458984375 0.103515625 0.07421875
0 0.3896484375 0.470703125 0.08984375 0.060546875
0 0.4873046875 0.478515625 0.09375 0.05859375
0 0.822265625 0.48828125 0.056640625 0.021484375
0 0.9296875 0.4912109375 0.060546875 0.02734375
0 0.11328125 0.51953125 0.12890625 0.2578125
0 0.2138671875 0.521484375 0.13671875 0.263671875
0 0.3037109375 0.5244140625 0.134765625 0.26953125
1 0.4052734375 0.5263671875 0.138671875 0.2734375
1 0.4951171875 0.52734375 0.126953125 0.263671875
1 0.5966796875 0.5244140625 0.123046875 0.25390625
1 0.8251953125 0.529296875 0.08203125 0.05078125
1 0.9306640625 0.5322265625 0.0859375 0.052734375
0 0.7099609375 0.5830078125 0.109375 0.091796875
0 0.82421875 0.619140625 0.087890625 0.072265625
0 0.9306640625 0.6240234375 0.091796875 0.07421875