0 0.16796875 0.373046875 0.072265625 0.0234375
1 0.70703125 0.404296875 0.078125 0.017578125
1 0.599609375 0.40234375 0.080078125 0.015625
0 0.060546875 0.39453125 0.08984375 0.033203125
0 0.4873046875 0.427734375 0.060546875 0.025390625
1 0.1650390625 0.427734375 0.10546875 0.06640625
1 0.5966796875 0.44921875 0.083984375 0.044921875
1 0.7099609375 0.453125 0.08203125 0.04296875
1 0.8173828125 0.45703125 0.083984375 0.04296875
1 0.9287109375 0.462890625 0.0859375 0.04296875
0 0.2802734375 0.458984375 0.0546875 0.017578125
0 0.3837890625 0.462890625 0.0546875 0.01953125
1 0.484375 0.474609375 0.083984375 0.05078125
1 0.0625 0.4912109375 0.125 0.244140625
1 0.28125 0.498046875 0.076171875 0.046875
1 0.384765625 0.501953125 0.078125 0.048828125
0 0.1708984375 0.552734375 0.10546875 0.087890625
0 0.4873046875 0.583984375 0.083984375 0.078125
0 0.283203125 0.5859375 0.083984375 0.068359375
0 0.38671875 0.58984375 0.083984375 0.064453125