0 0.1474609375 0.45703125 0.076171875 0.037109375
1 0.677734375 0.3564453125 0.080078125 0.033203125
1 0.572265625 0.380859375 0.08203125 0.03125
0 0.0478515625 0.50390625 0.09375 0.05078125
0 0.470703125 0.4326171875 0.064453125 0.037109375
1 0.158203125 0.5107421875 0.115234375 0.0859375
1 0.5810546875 0.4267578125 0.091796875 0.060546875
1 0.6923828125 0.4033203125 0.08984375 0.05859375
1 0.796875 0.380859375 0.091796875 0.05859375
1 0.90625 0.3603515625 0.09375 0.05859375
0 0.2763671875 0.513671875 0.056640625 0.029296875
0 0.3779296875 0.4921875 0.05859375 0.03125
1 0.4794921875 0.478515625 0.09375 0.06640625
1 0.080078125 0.5986328125 0.16015625 0.263671875
1 0.287109375 0.55078125 0.083984375 0.060546875
1 0.388671875 0.529296875 0.0859375 0.0625
0 0.193359375 0.630859375 0.12109375 0.107421875
0 0.5078125 0.583984375 0.09765625 0.091796875
0 0.310546875 0.6357421875 0.095703125 0.083984375
0 0.412109375 0.6142578125 0.09375 0.080078125