0 0.361328125 0.310546875 0.2109375 0.0859375
1 0.3134765625 0.3203125 0.064453125 0.052734375
0 0.3798828125 0.3603515625 0.22265625 0.103515625
1 0.3330078125 0.373046875 0.087890625 0.0703125
0 0.7021484375 0.501953125 0.037109375 0.03515625
1 0.6953125 0.517578125 0.076171875 0.181640625
0 0.6220703125 0.5498046875 0.0390625 0.04296875
0 0.3642578125 0.60546875 0.052734375 0.052734375
1 0.662109375 0.5546875 0.09375 0.2109375
0 0.4228515625 0.6005859375 0.056640625 0.056640625
1 0.6083984375 0.572265625 0.099609375 0.21484375
1 0.3701171875 0.6201171875 0.09765625 0.216796875
1 0.4267578125 0.6142578125 0.10546875 0.22265625