1 0.544921875 0.4755859375 0.044921875 0.072265625
1 0.5908203125 0.4853515625 0.048828125 0.076171875
1 0.734375 0.5419921875 0.0390625 0.03515625
1 0.626953125 0.521484375 0.03515625 0.0546875
1 0.7724609375 0.5517578125 0.0390625 0.033203125
0 0.4228515625 0.4853515625 0.03125 0.025390625
0 0.392578125 0.4814453125 0.03125 0.025390625
1 0.4287109375 0.4892578125 0.064453125 0.109375
0 0.306640625 0.462890625 0.041015625 0.064453125
1 0.392578125 0.4814453125 0.06640625 0.111328125
1 0.349609375 0.4755859375 0.08203125 0.11328125
1 0.5 0.5078125 0.052734375 0.09375
1 0.3037109375 0.4658203125 0.087890625 0.111328125
1 0.265625 0.4580078125 0.064453125 0.080078125
1 0.4619140625 0.501953125 0.0546875 0.095703125
1 0.2265625 0.4541015625 0.083984375 0.109375
0 0.4951171875 0.5126953125 0.0234375 0.017578125
0 0.4619140625 0.509765625 0.0234375 0.015625
0 0.755859375 0.57421875 0.044921875 0.041015625
0 0.71875 0.568359375 0.044921875 0.04296875
0 0.5361328125 0.529296875 0.041015625 0.025390625
0 0.5771484375 0.5400390625 0.041015625 0.0234375
0 0.3505859375 0.49609375 0.029296875 0.0546875
0 0.61328125 0.5576171875 0.0390625 0.0234375