1 0.46484375 0.3505859375 0.0390625 0.017578125
0 0.5 0.3583984375 0.1484375 0.041015625
1 0.45703125 0.373046875 0.041015625 0.021484375
0 0.4931640625 0.3828125 0.154296875 0.056640625
1 0.3359375 0.3935546875 0.041015625 0.033203125
0 0.345703125 0.3984375 0.107421875 0.150390625
1 0.4609375 0.4326171875 0.044921875 0.02734375
1 0.359375 0.4296875 0.025390625 0.05078125
0 0.5 0.44921875 0.171875 0.080078125
0 0.3583984375 0.4375 0.10546875 0.15234375
1 0.4599609375 0.4580078125 0.046875 0.03125
0 0.5048828125 0.478515625 0.177734375 0.08984375
1 0.3701171875 0.46875 0.0234375 0.048828125
1 0.4619140625 0.4912109375 0.064453125 0.0390625
0 0.4384765625 0.5849609375 0.03515625 0.03125
1 0.44140625 0.5888671875 0.056640625 0.103515625
1 0.65625 0.619140625 0.07421875 0.115234375
1 0.61328125 0.6201171875 0.07421875 0.125
1 0.4775390625 0.603515625 0.060546875 0.123046875
0 0.625 0.623046875 0.02734375 0.025390625
0 0.6650390625 0.630859375 0.015625 0.029296875
0 0.478515625 0.609375 0.037109375 0.03125