1 0.525390625 0.380859375 0.068359375 0.01171875
1 0.3642578125 0.4013671875 0.0390625 0.07421875
0 0.3388671875 0.4072265625 0.158203125 0.119140625
0 0.5908203125 0.4052734375 0.267578125 0.087890625
1 0.525390625 0.4140625 0.076171875 0.05859375
0 0.361328125 0.48046875 0.150390625 0.138671875
1 0.38671875 0.482421875 0.037109375 0.07421875
0 0.5986328125 0.4775390625 0.265625 0.1015625
1 0.5380859375 0.4853515625 0.103515625 0.076171875
0 0.5234375 0.7490234375 0.05859375 0.0625
1 0.52734375 0.7568359375 0.087890625 0.2578125
0 0.6015625 0.7705078125 0.064453125 0.064453125
1 0.59765625 0.779296875 0.1015625 0.275390625