1 0.376953125 0.400390625 0.15234375 0.09765625
0 0.251953125 0.4287109375 0.13671875 0.091796875
1 0.642578125 0.5244140625 0.0703125 0.095703125
1 0.6982421875 0.5361328125 0.05078125 0.06640625
0 0.6279296875 0.55078125 0.140625 0.291015625
0 0.685546875 0.5625 0.11328125 0.228515625
0 0.515625 0.55859375 0.14453125 0.33203125
1 0.5732421875 0.564453125 0.0703125 0.1015625
0 0.404296875 0.552734375 0.0859375 0.05859375
0 0.5546875 0.576171875 0.146484375 0.30078125
1 0.26953125 0.599609375 0.296875 0.478515625
0 0.482421875 0.6279296875 0.119140625 0.244140625
1 0.4150390625 0.640625 0.07421875 0.134765625
0 0.318359375 0.6953125 0.099609375 0.1875