0 0.3701171875 0.4853515625 0.033203125 0.05859375
1 0.390625 0.51171875 0.05859375 0.11328125
0 0.5205078125 0.5244140625 0.12109375 0.03515625
1 0.5341796875 0.5400390625 0.19921875 0.08984375
1 0.5361328125 0.5849609375 0.056640625 0.08984375
0 0.3388671875 0.595703125 0.041015625 0.0625
1 0.33984375 0.611328125 0.142578125 0.22265625
0 0.5537109375 0.685546875 0.310546875 0.12109375
1 0.5595703125 0.76171875 0.0546875 0.07421875
0 0.5087890625 0.861328125 0.255859375 0.103515625
1 0.552734375 0.884765625 0.40625 0.23046875