0 0.3720703125 0.3134765625 0.03125 0.04296875
0 0.5224609375 0.3466796875 0.109375 0.203125
1 0.1435546875 0.2900390625 0.103515625 0.068359375
1 0.6103515625 0.3935546875 0.048828125 0.037109375
0 0.3359375 0.359375 0.087890625 0.072265625
1 0.23828125 0.376953125 0.095703125 0.072265625
0 0.474609375 0.4326171875 0.0625 0.052734375
1 0.6298828125 0.4697265625 0.052734375 0.12890625
0 0.62890625 0.4833984375 0.025390625 0.076171875
0 0.556640625 0.4677734375 0.130859375 0.09375
1 0.5341796875 0.4697265625 0.04296875 0.044921875
1 0.306640625 0.4248046875 0.189453125 0.25
0 0.548828125 0.5146484375 0.13671875 0.109375
1 0.5205078125 0.5185546875 0.056640625 0.060546875
1 0.80078125 0.578125 0.048828125 0.05078125
0 0.3896484375 0.5009765625 0.05859375 0.166015625
0 0.8486328125 0.599609375 0.037109375 0.025390625
0 0.7099609375 0.57421875 0.037109375 0.021484375
1 0.63671875 0.5625 0.07421875 0.15625
0 0.232421875 0.4833984375 0.08984375 0.083984375
1 0.8505859375 0.6162109375 0.078125 0.119140625
1 0.7041015625 0.591796875 0.07421875 0.03125
0 0.5498046875 0.55859375 0.16015625 0.119140625
1 0.384765625 0.52734375 0.158203125 0.369140625
0 0.6318359375 0.58203125 0.03515625 0.08984375
1 0.5244140625 0.5634765625 0.044921875 0.046875
0 0.7841796875 0.6259765625 0.056640625 0.060546875
1 0.4541015625 0.56640625 0.0703125 0.171875
0 0.5390625 0.5966796875 0.16015625 0.123046875
1 0.5146484375 0.6005859375 0.044921875 0.046875
0 0.53125 0.634765625 0.154296875 0.123046875
1 0.2177734375 0.580078125 0.087890625 0.07421875
1 0.1083984375 0.55859375 0.12890625 0.103515625
1 0.501953125 0.642578125 0.044921875 0.046875
0 0.298828125 0.62109375 0.140625 0.228515625
0 0.2060546875 0.6689453125 0.0859375 0.08203125
0 0.099609375 0.6826171875 0.119140625 0.10546875
0 0.494140625 0.3115234375 0.04296875 0.0703125
1 0.42578125 0.296875 0.072265625 0.109375
1 0.5751953125 0.3544921875 0.03515625 0.037109375