0 0.337890625 0.39453125 0.181640625 0.099609375
0 0.5517578125 0.4404296875 0.25390625 0.12890625
1 0.2294921875 0.4189453125 0.041015625 0.0546875
1 0.0791015625 0.4140625 0.033203125 0.0234375
0 0.3388671875 0.4658203125 0.1953125 0.119140625
1 0.158203125 0.4462890625 0.115234375 0.04296875
0 0.1630859375 0.451171875 0.068359375 0.0234375
0 0.23046875 0.4814453125 0.046875 0.06640625
0 0.5703125 0.52734375 0.318359375 0.166015625
0 0.275390625 0.50390625 0.05078125 0.0546875
1 0.3671875 0.548828125 0.26953125 0.16796875
1 0.5400390625 0.6005859375 0.083984375 0.08984375