1 0.388671875 0.3193359375 0.068359375 0.107421875
1 0.560546875 0.3681640625 0.037109375 0.037109375
0 0.505859375 0.3642578125 0.099609375 0.203125
0 0.3369140625 0.333984375 0.021484375 0.03515625
1 0.603515625 0.4072265625 0.0546875 0.0390625
1 0.08984375 0.326171875 0.095703125 0.05859375
0 0.296875 0.3828125 0.08984375 0.06640625
1 0.1962890625 0.40234375 0.09375 0.064453125
0 0.44921875 0.44921875 0.064453125 0.05078125
1 0.6279296875 0.482421875 0.060546875 0.130859375
0 0.6279296875 0.4951171875 0.02734375 0.078125
0 0.544921875 0.48046875 0.14453125 0.08984375
0 0.6494140625 0.5068359375 0.0234375 0.009765625
1 0.5185546875 0.4833984375 0.044921875 0.044921875
0 0.2763671875 0.4423828125 0.171875 0.2421875
0 0.537109375 0.5283203125 0.15625 0.109375
1 0.50390625 0.5322265625 0.05859375 0.056640625
1 0.8125 0.5947265625 0.048828125 0.048828125
0 0.3662109375 0.517578125 0.060546875 0.16015625
0 0.7138671875 0.5830078125 0.037109375 0.017578125
1 0.6357421875 0.5732421875 0.087890625 0.16015625
0 0.1923828125 0.5029296875 0.083984375 0.07421875
0 0.5390625 0.5703125 0.1796875 0.119140625
1 0.7080078125 0.6005859375 0.078125 0.037109375
1 0.3583984375 0.5400390625 0.146484375 0.349609375
0 0.6376953125 0.59375 0.037109375 0.087890625
1 0.5107421875 0.5751953125 0.044921875 0.044921875
1 0.431640625 0.5810546875 0.06640625 0.166015625
0 0.7958984375 0.6455078125 0.056640625 0.05859375
0 0.5322265625 0.6064453125 0.17578125 0.12109375
1 0.5029296875 0.615234375 0.044921875 0.044921875
0 0.830078125 0.6875 0.037109375 0.0234375
1 0.8291015625 0.69140625 0.115234375 0.099609375
0 0.5224609375 0.64453125 0.171875 0.119140625
1 0.181640625 0.5947265625 0.0859375 0.068359375
1 0.072265625 0.5751953125 0.125 0.091796875
1 0.48828125 0.654296875 0.044921875 0.044921875
0 0.2646484375 0.6328125 0.138671875 0.2109375
0 0.1767578125 0.6787109375 0.083984375 0.0703125
0 0.072265625 0.6904296875 0.111328125 0.091796875
0 0.466796875 0.3271484375 0.041015625 0.068359375