1 0.060546875 0.3701171875 0.06640625 0.033203125
1 0.486328125 0.3544921875 0.037109375 0.02734375
0 0.43359375 0.3583984375 0.064453125 0.173828125
0 0.228515625 0.396484375 0.07421875 0.044921875
1 0.546875 0.3857421875 0.0625 0.02734375
1 0.1474609375 0.4189453125 0.068359375 0.0390625
0 0.3828125 0.435546875 0.0625 0.0390625
1 0.2333984375 0.451171875 0.1015625 0.177734375
0 0.5 0.462890625 0.162109375 0.05078125
1 0.466796875 0.46484375 0.046875 0.03515625
1 0.59765625 0.4599609375 0.048828125 0.125
0 0.6005859375 0.4716796875 0.01953125 0.07421875
0 0.158203125 0.5 0.064453125 0.056640625
0 0.6376953125 0.4833984375 0.033203125 0.00390625
0 0.31640625 0.5078125 0.0390625 0.140625
0 0.501953125 0.5078125 0.166015625 0.06640625
1 0.4638671875 0.51171875 0.060546875 0.048828125
1 0.3173828125 0.53125 0.091796875 0.306640625
1 0.0751953125 0.5654296875 0.0859375 0.046875
0 0.5224609375 0.5517578125 0.19921875 0.06640625
1 0.4833984375 0.5556640625 0.048828125 0.037109375
1 0.3974609375 0.564453125 0.048828125 0.15234375
1 0.6416015625 0.5546875 0.07421875 0.154296875
1 0.166015625 0.580078125 0.06640625 0.037109375
1 0.8369140625 0.548828125 0.048828125 0.052734375
0 0.736328125 0.5595703125 0.0390625 0.015625
0 0.90625 0.55859375 0.0390625 0.021484375
0 0.646484375 0.576171875 0.029296875 0.09375
1 0.736328125 0.5771484375 0.080078125 0.033203125
0 0.5224609375 0.5908203125 0.19921875 0.06640625
1 0.4853515625 0.5966796875 0.048828125 0.037109375
1 0.9072265625 0.576171875 0.095703125 0.146484375
0 0.25 0.615234375 0.091796875 0.166015625
0 0.833984375 0.607421875 0.05859375 0.064453125
0 0.5224609375 0.6298828125 0.1953125 0.068359375
1 0.4814453125 0.6357421875 0.048828125 0.037109375
0 0.087890625 0.65625 0.083984375 0.0625
0 0.173828125 0.65625 0.064453125 0.05078125
1 0.2978515625 0.3330078125 0.05078125 0.083984375
0 0.3759765625 0.33203125 0.033203125 0.05859375