0 0.373046875 0.4716796875 0.03515625 0.05859375
1 0.390625 0.5 0.0625 0.115234375
0 0.517578125 0.5263671875 0.12109375 0.0390625
1 0.5302734375 0.54296875 0.203125 0.09765625
1 0.52734375 0.587890625 0.05859375 0.091796875
0 0.330078125 0.578125 0.04296875 0.0625
1 0.3291015625 0.59375 0.150390625 0.228515625
0 0.533203125 0.6904296875 0.314453125 0.1328125
1 0.5322265625 0.7666015625 0.05859375 0.076171875
0 0.470703125 0.8603515625 0.2578125 0.11328125
1 0.5107421875 0.8828125 0.412109375 0.234375