0 0.5986328125 0.505859375 0.0703125 0.03515625
1 0.2998046875 0.4765625 0.064453125 0.1171875
1 0.591796875 0.5400390625 0.13671875 0.064453125
0 0.775390625 0.6259765625 0.060546875 0.0390625
1 0.7626953125 0.6650390625 0.126953125 0.201171875
1 0.3232421875 0.59375 0.0546875 0.068359375
0 0.556640625 0.640625 0.171875 0.044921875
1 0.162109375 0.5712890625 0.111328125 0.228515625
0 0.15625 0.591796875 0.056640625 0.1328125
1 0.5830078125 0.6953125 0.279296875 0.162109375
0 0.5478515625 0.701171875 0.1796875 0.068359375
0 0.3173828125 0.671875 0.28125 0.125