0 0.662109375 0.4130859375 0.029296875 0.01171875
1 0.634765625 0.4306640625 0.03125 0.0390625
1 0.6669921875 0.4326171875 0.03125 0.03125
0 0.6591796875 0.4814453125 0.029296875 0.03125
1 0.3798828125 0.529296875 0.03125 0.017578125
1 0.302734375 0.5400390625 0.03515625 0.021484375
0 0.3515625 0.537109375 0.025390625 0.017578125
0 0.26953125 0.544921875 0.025390625 0.01953125
0 0.322265625 0.55078125 0.025390625 0.017578125
1 0.40625 0.5478515625 0.03125 0.01953125
1 0.2900390625 0.5576171875 0.03515625 0.01953125
0 0.3759765625 0.5556640625 0.025390625 0.01953125
0 0.345703125 0.5703125 0.025390625 0.01953125
1 0.404296875 0.5771484375 0.052734375 0.046875
1 0.33984375 0.6083984375 0.060546875 0.052734375
0 0.404296875 0.6201171875 0.037109375 0.0234375
0 0.345703125 0.65234375 0.041015625 0.03125