0 0.310546875 0.3837890625 0.12109375 0.234375
0 0.3857421875 0.40625 0.083984375 0.169921875
0 0.35546875 0.4013671875 0.072265625 0.17578125
0 0.2705078125 0.3857421875 0.134765625 0.24609375
0 0.2294921875 0.384765625 0.140625 0.2578125
1 0.3515625 0.4384765625 0.033203125 0.046875
1 0.1806640625 0.404296875 0.103515625 0.12109375
1 0.3203125 0.435546875 0.0390625 0.0546875
1 0.3798828125 0.4521484375 0.033203125 0.046875
1 0.28125 0.4375 0.04296875 0.056640625
1 0.240234375 0.4443359375 0.046875 0.05859375
0 0.607421875 0.55078125 0.14453125 0.216796875
0 0.53125 0.552734375 0.07421875 0.08203125
1 0.5654296875 0.5595703125 0.130859375 0.22265625
0 0.1474609375 0.4765625 0.05078125 0.068359375
1 0.6474609375 0.60546875 0.0390625 0.041015625
0 0.4423828125 0.591796875 0.06640625 0.076171875
0 0.359375 0.599609375 0.078125 0.078125
1 0.501953125 0.65234375 0.068359375 0.078125
0 0.2353515625 0.62890625 0.09765625 0.076171875
1 0.421875 0.6787109375 0.06640625 0.072265625
1 0.3408203125 0.7041015625 0.078125 0.0859375
1 0.21875 0.7314453125 0.138671875 0.138671875