1 0.50390625 0.48828125 0.09375 0.05859375
1 0.19140625 0.4912109375 0.078125 0.037109375
1 0.7041015625 0.5263671875 0.078125 0.046875
1 0.6064453125 0.525390625 0.078125 0.046875
1 0.814453125 0.5556640625 0.10546875 0.064453125
1 0.3955078125 0.583984375 0.11328125 0.23828125
0 0.2919921875 0.5810546875 0.125 0.2421875
0 0.501953125 0.611328125 0.09765625 0.083984375
0 0.6982421875 0.6318359375 0.07421875 0.0703125
0 0.6025390625 0.62890625 0.076171875 0.068359375
0 0.8095703125 0.6572265625 0.076171875 0.04296875