0 0.35546875 0.4765625 0.076171875 0.044921875
1 0.626953125 0.544921875 0.07421875 0.11328125
1 0.54296875 0.5625 0.076171875 0.115234375
1 0.7109375 0.587890625 0.056640625 0.083984375
1 0.251953125 0.599609375 0.1328125 0.4921875
1 0.3671875 0.626953125 0.05859375 0.189453125
0 0.62890625 0.6328125 0.09765625 0.33984375
0 0.533203125 0.640625 0.123046875 0.353515625
0 0.263671875 0.6640625 0.052734375 0.2734375
0 0.708984375 0.6640625 0.08984375 0.267578125
0 0.458984375 0.677734375 0.1015625 0.291015625