1 0.646484375 0.46875 0.0234375 0.013671875
0 0.5869140625 0.46484375 0.03515625 0.015625
1 0.6171875 0.47265625 0.025390625 0.01171875
0 0.521484375 0.45703125 0.05078125 0.0234375
0 0.28515625 0.41015625 0.12109375 0.2109375
0 0.3486328125 0.423828125 0.078125 0.15234375
1 0.5625 0.4716796875 0.041015625 0.021484375
0 0.322265625 0.423828125 0.076171875 0.15625
0 0.251953125 0.4150390625 0.13671875 0.22265625
1 0.6455078125 0.5009765625 0.029296875 0.052734375
1 0.6220703125 0.5 0.025390625 0.041015625
0 0.2197265625 0.4189453125 0.140625 0.232421875
1 0.326171875 0.455078125 0.02734375 0.04296875
1 0.5947265625 0.5146484375 0.02734375 0.046875
1 0.5673828125 0.5107421875 0.041015625 0.0625
1 0.34765625 0.4638671875 0.02734375 0.04296875
1 0.2998046875 0.455078125 0.03125 0.046875
0 0.5 0.501953125 0.0703125 0.041015625
1 0.2705078125 0.4609375 0.03515625 0.05078125
1 0.17578125 0.447265625 0.111328125 0.123046875
1 0.23828125 0.470703125 0.0390625 0.0546875
0 0.6298828125 0.5556640625 0.017578125 0.02734375
0 0.60546875 0.56640625 0.0234375 0.04296875
1 0.3818359375 0.5390625 0.06640625 0.044921875
0 0.578125 0.5830078125 0.029296875 0.05078125
0 0.162109375 0.509765625 0.04296875 0.06640625
0 0.548828125 0.6005859375 0.041015625 0.06640625
1 0.4775390625 0.5888671875 0.154296875 0.234375
1 0.423828125 0.587890625 0.0546875 0.0703125
0 0.4306640625 0.619140625 0.16796875 0.26171875