1 0.6279296875 0.4228515625 0.0234375 0.01171875
0 0.5712890625 0.4384765625 0.033203125 0.013671875
1 0.6025390625 0.4365234375 0.0234375 0.009765625
0 0.505859375 0.4521484375 0.05078125 0.01953125
0 0.267578125 0.4853515625 0.10546875 0.205078125
0 0.33203125 0.4775390625 0.06640625 0.1484375
1 0.548828125 0.4521484375 0.041015625 0.017578125
0 0.3076171875 0.486328125 0.0625 0.154296875
0 0.23828125 0.5009765625 0.12109375 0.216796875
1 0.6376953125 0.453125 0.025390625 0.05078125
1 0.615234375 0.4599609375 0.021484375 0.041015625
0 0.208984375 0.513671875 0.123046875 0.2265625
1 0.3203125 0.513671875 0.0234375 0.041015625
1 0.5947265625 0.482421875 0.025390625 0.044921875
1 0.5673828125 0.4873046875 0.037109375 0.0625
1 0.3447265625 0.515625 0.0234375 0.041015625
1 0.2958984375 0.5234375 0.029296875 0.044921875
0 0.5 0.501953125 0.068359375 0.03515625
1 0.2705078125 0.5380859375 0.03125 0.048828125
1 0.17578125 0.5556640625 0.103515625 0.115234375
1 0.2431640625 0.556640625 0.03515625 0.052734375
0 0.640625 0.509765625 0.015625 0.02734375
0 0.62109375 0.5283203125 0.01953125 0.04296875
1 0.4013671875 0.5751953125 0.064453125 0.041015625
0 0.6005859375 0.552734375 0.025390625 0.048828125
0 0.18359375 0.619140625 0.0390625 0.064453125
0 0.578125 0.5791015625 0.037109375 0.06640625
1 0.5068359375 0.591796875 0.13671875 0.228515625
1 0.4560546875 0.607421875 0.05078125 0.06640625
0 0.4736328125 0.634765625 0.150390625 0.255859375