1 0.2373046875 0.43359375 0.056640625 0.04296875
1 0.171875 0.4423828125 0.078125 0.05859375
1 0.3740234375 0.4365234375 0.056640625 0.04296875
1 0.4365234375 0.44140625 0.05859375 0.04296875
1 0.50390625 0.4423828125 0.068359375 0.04296875
1 0.5869140625 0.447265625 0.072265625 0.05078125
0 0.1875 0.4951171875 0.048828125 0.029296875
0 0.25390625 0.490234375 0.0546875 0.05078125
0 0.3857421875 0.494140625 0.0546875 0.05078125
0 0.44921875 0.4990234375 0.056640625 0.048828125
0 0.5107421875 0.5087890625 0.0703125 0.0625
0 0.591796875 0.515625 0.07421875 0.0625
1 0.4384765625 0.6396484375 0.0703125 0.0546875
1 0.517578125 0.6494140625 0.0703125 0.0546875
0 0.4453125 0.6904296875 0.046875 0.025390625
0 0.521484375 0.7001953125 0.05078125 0.029296875