0 0.5673828125 0.5302734375 0.05859375 0.021484375
1 0.5673828125 0.5615234375 0.1171875 0.03515625
0 0.259765625 0.6171875 0.083984375 0.0859375
1 0.3466796875 0.6416015625 0.0625 0.0234375
0 0.6884765625 0.6552734375 0.052734375 0.01171875
0 0.6259765625 0.65625 0.046875 0.068359375
1 0.5263671875 0.65625 0.107421875 0.025390625
1 0.2412109375 0.6748046875 0.1796875 0.208984375
0 0.4150390625 0.6806640625 0.09765625 0.189453125
1 0.6298828125 0.6953125 0.099609375 0.1640625
1 0.71484375 0.7109375 0.171875 0.15234375
0 0.21484375 0.7412109375 0.076171875 0.017578125