1 0.6337890625 0.4326171875 0.021484375 0.01171875
0 0.5751953125 0.443359375 0.033203125 0.01171875
1 0.6064453125 0.443359375 0.0234375 0.009765625
0 0.5087890625 0.4521484375 0.048828125 0.015625
0 0.26953125 0.46875 0.091796875 0.201171875
0 0.333984375 0.4658203125 0.056640625 0.146484375
1 0.552734375 0.4560546875 0.0390625 0.015625
0 0.30859375 0.47265625 0.052734375 0.15234375
0 0.2392578125 0.482421875 0.10546875 0.2109375
1 0.640625 0.462890625 0.021484375 0.048828125
1 0.6171875 0.46875 0.01953125 0.0390625
0 0.2080078125 0.494140625 0.109375 0.220703125
1 0.3203125 0.501953125 0.021484375 0.0390625
1 0.595703125 0.4892578125 0.021484375 0.04296875
1 0.568359375 0.4921875 0.033203125 0.060546875
1 0.34375 0.50390625 0.021484375 0.0390625
1 0.294921875 0.5087890625 0.025390625 0.044921875
0 0.5 0.501953125 0.068359375 0.03125
1 0.2685546875 0.521484375 0.02734375 0.048828125
1 0.1728515625 0.533203125 0.09765625 0.109375
1 0.240234375 0.5390625 0.03125 0.05078125
0 0.6396484375 0.5205078125 0.013671875 0.025390625
0 0.619140625 0.537109375 0.017578125 0.041015625
1 0.396484375 0.568359375 0.0625 0.037109375
0 0.5966796875 0.5595703125 0.021484375 0.046875
0 0.1767578125 0.5966796875 0.03515625 0.0625
0 0.5732421875 0.583984375 0.033203125 0.064453125
1 0.5009765625 0.591796875 0.123046875 0.22265625
1 0.44921875 0.6044921875 0.046875 0.064453125
0 0.4638671875 0.6328125 0.1328125 0.248046875