0 0.345703125 0.33203125 0.083984375 0.05078125
1 0.40234375 0.3642578125 0.11328125 0.068359375
0 0.3759765625 0.4697265625 0.0390625 0.05859375
1 0.37109375 0.47265625 0.169921875 0.357421875
0 0.349609375 0.5380859375 0.0390625 0.16015625
1 0.3916015625 0.564453125 0.0390625 0.12890625
1 0.4853515625 0.6064453125 0.060546875 0.08203125
0 0.4482421875 0.6201171875 0.0859375 0.220703125
1 0.548828125 0.6435546875 0.0703125 0.09375
0 0.578125 0.685546875 0.189453125 0.296875
1 0.6103515625 0.740234375 0.05859375 0.07421875
0 0.630859375 0.767578125 0.177734375 0.248046875