0 0.5947265625 0.513671875 0.046875 0.02734375
1 0.59375 0.54296875 0.095703125 0.05859375
0 0.7197265625 0.5625 0.029296875 0.025390625
1 0.708984375 0.5869140625 0.10546875 0.185546875
1 0.384765625 0.5859375 0.056640625 0.111328125
0 0.5810546875 0.640625 0.126953125 0.060546875
1 0.595703125 0.6708984375 0.205078125 0.177734375
0 0.587890625 0.6953125 0.115234375 0.072265625
1 0.4130859375 0.689453125 0.04296875 0.0625
1 0.2412109375 0.72265625 0.1328125 0.2578125
0 0.392578125 0.75390625 0.267578125 0.1953125
0 0.2490234375 0.7587890625 0.052734375 0.134765625