0 0.6455078125 0.46484375 0.08203125 0.056640625
1 0.677734375 0.4736328125 0.173828125 0.12890625
0 0.783203125 0.5078125 0.1171875 0.205078125
0 0.8134765625 0.5234375 0.12109375 0.21484375
0 0.6396484375 0.515625 0.078125 0.05859375
1 0.6650390625 0.521484375 0.16015625 0.130859375
0 0.83203125 0.537109375 0.09765625 0.220703125
0 0.4267578125 0.5107421875 0.021484375 0.033203125
1 0.7529296875 0.5546875 0.03125 0.041015625
0 0.849609375 0.5693359375 0.056640625 0.173828125
0 0.4521484375 0.5419921875 0.0234375 0.05859375
1 0.78515625 0.5693359375 0.03515625 0.044921875
1 0.8193359375 0.5869140625 0.037109375 0.044921875
1 0.4228515625 0.5712890625 0.029296875 0.0625
0 0.470703125 0.580078125 0.0234375 0.064453125
1 0.8525390625 0.6142578125 0.03515625 0.0390625
0 0.4970703125 0.6015625 0.041015625 0.087890625
1 0.447265625 0.6083984375 0.0234375 0.048828125
1 0.466796875 0.64453125 0.025390625 0.052734375
1 0.5810546875 0.677734375 0.150390625 0.240234375
1 0.4892578125 0.685546875 0.0390625 0.078125
0 0.6259765625 0.7421875 0.185546875 0.28515625
1 0.6103515625 0.8857421875 0.05078125 0.08203125