0 0.1357421875 0.359375 0.060546875 0.0546875
0 0.29296875 0.37109375 0.03515625 0.146484375
0 0.498046875 0.373046875 0.185546875 0.068359375
1 0.455078125 0.3759765625 0.06640625 0.05078125
1 0.88671875 0.3701171875 0.056640625 0.060546875
0 0.97265625 0.373046875 0.05078125 0.0234375
1 0.298828125 0.40234375 0.10546875 0.326171875
1 0.96484375 0.396484375 0.068359375 0.150390625
1 0.0537109375 0.423828125 0.080078125 0.046875
0 0.5244140625 0.421875 0.23046875 0.064453125
1 0.4794921875 0.423828125 0.0546875 0.041015625
0 0.7763671875 0.4208984375 0.046875 0.017578125
1 0.3818359375 0.4296875 0.060546875 0.166015625
1 0.1416015625 0.44140625 0.064453125 0.0390625
1 0.6689453125 0.4365234375 0.08203125 0.169921875
1 0.7802734375 0.4423828125 0.09765625 0.037109375
0 0.8974609375 0.4443359375 0.06640625 0.08203125
0 0.6767578125 0.4560546875 0.029296875 0.109375
0 0.5283203125 0.4658203125 0.23046875 0.068359375
1 0.4873046875 0.46875 0.0546875 0.041015625
0 0.228515625 0.4833984375 0.099609375 0.1796875
0 0.060546875 0.51953125 0.08203125 0.064453125
0 0.533203125 0.5126953125 0.232421875 0.072265625
0 0.1484375 0.521484375 0.06640625 0.0546875
1 0.484375 0.515625 0.0546875 0.04296875
0 0.349609375 0.1923828125 0.033203125 0.0546875
1 0.2744140625 0.1953125 0.052734375 0.078125
1 0.4658203125 0.2138671875 0.0390625 0.02734375
0 0.4150390625 0.2197265625 0.068359375 0.169921875
1 0.0517578125 0.23828125 0.05859375 0.029296875
1 0.5341796875 0.2470703125 0.06640625 0.029296875
0 0.205078125 0.2548828125 0.0703125 0.04296875
1 0.126953125 0.2802734375 0.0625 0.037109375
0 0.36328125 0.294921875 0.064453125 0.0390625
1 0.2138671875 0.3134765625 0.1015625 0.17578125
0 0.4931640625 0.322265625 0.18359375 0.052734375
1 0.4541015625 0.3271484375 0.05078125 0.033203125
1 0.6044921875 0.326171875 0.0546875 0.134765625
0 0.6044921875 0.3359375 0.0234375 0.08203125