1 0.3876953125 0.388671875 0.158203125 0.109375
0 0.2607421875 0.4033203125 0.142578125 0.103515625
1 0.6396484375 0.5400390625 0.078125 0.099609375
1 0.693359375 0.556640625 0.056640625 0.0703125
0 0.6220703125 0.5634765625 0.16796875 0.298828125
0 0.6787109375 0.58203125 0.1328125 0.234375
0 0.5087890625 0.5595703125 0.17578125 0.337890625
1 0.56640625 0.572265625 0.080078125 0.10546875
0 0.3994140625 0.5419921875 0.08984375 0.06640625
0 0.546875 0.58203125 0.17578125 0.30859375
1 0.2607421875 0.5751953125 0.33984375 0.498046875
0 0.4697265625 0.625 0.142578125 0.251953125
1 0.400390625 0.630859375 0.0859375 0.138671875
0 0.298828125 0.6748046875 0.1171875 0.193359375