0 0.64453125 0.462890625 0.080078125 0.0546875
1 0.677734375 0.4697265625 0.171875 0.125
0 0.783203125 0.5029296875 0.11328125 0.205078125
0 0.8134765625 0.5185546875 0.1171875 0.212890625
0 0.6396484375 0.513671875 0.076171875 0.056640625
1 0.6650390625 0.5185546875 0.158203125 0.12890625
0 0.8330078125 0.53125 0.09375 0.21875
0 0.4267578125 0.51171875 0.021484375 0.033203125
1 0.75390625 0.55078125 0.03125 0.041015625
0 0.8505859375 0.5634765625 0.0546875 0.173828125
0 0.453125 0.54296875 0.0234375 0.056640625
1 0.7861328125 0.5634765625 0.03515625 0.044921875
1 0.8203125 0.5810546875 0.037109375 0.044921875
1 0.423828125 0.572265625 0.029296875 0.0625
0 0.47265625 0.5810546875 0.0234375 0.0625
1 0.8544921875 0.6083984375 0.03515625 0.0390625
0 0.4990234375 0.6015625 0.0390625 0.087890625
1 0.44921875 0.6083984375 0.021484375 0.046875
1 0.46875 0.6455078125 0.0234375 0.052734375
1 0.5849609375 0.6767578125 0.146484375 0.236328125
1 0.4921875 0.685546875 0.037109375 0.078125
0 0.6298828125 0.7392578125 0.1796875 0.28125
1 0.6171875 0.8837890625 0.048828125 0.080078125