0 0.5693359375 0.52734375 0.05859375 0.021484375
1 0.5703125 0.55859375 0.119140625 0.037109375
0 0.265625 0.62890625 0.083984375 0.0859375
1 0.3544921875 0.6494140625 0.0625 0.0234375
0 0.6962890625 0.6455078125 0.052734375 0.013671875
0 0.6337890625 0.6494140625 0.046875 0.0703125
1 0.53515625 0.6552734375 0.107421875 0.02734375
1 0.2509765625 0.6884765625 0.18359375 0.2109375
0 0.4248046875 0.6845703125 0.099609375 0.19140625
1 0.6396484375 0.6884765625 0.103515625 0.166015625
1 0.7255859375 0.69921875 0.17578125 0.154296875
0 0.2275390625 0.755859375 0.076171875 0.017578125