0 0.60546875 0.3916015625 0.078125 0.068359375
0 0.806640625 0.4404296875 0.0546875 0.037109375
0 0.734375 0.4296875 0.060546875 0.0546875
0 0.4619140625 0.37109375 0.115234375 0.17578125
0 0.6689453125 0.4189453125 0.060546875 0.0546875
1 0.52734375 0.3896484375 0.111328125 0.181640625
1 0.388671875 0.41796875 0.05078125 0.03125
0 0.5146484375 0.447265625 0.0625 0.041015625
0 0.5302734375 0.5869140625 0.068359375 0.0390625
1 0.234375 0.6005859375 0.1015625 0.09765625
1 0.6787109375 0.7177734375 0.07421875 0.072265625
1 0.5302734375 0.689453125 0.099609375 0.154296875
0 0.423828125 0.701171875 0.09765625 0.21875
0 0.2841796875 0.6806640625 0.234375 0.375
1 0.4033203125 0.7099609375 0.234375 0.447265625
0 0.693359375 0.8251953125 0.240234375 0.3203125
0 0.609375 0.8095703125 0.208984375 0.322265625
0 0.1787109375 0.7109375 0.236328125 0.380859375
1 0.4951171875 0.91015625 0.10546875 0.078125
0 0.365234375 0.8837890625 0.123046875 0.087890625
0 0.24609375 0.8701171875 0.140625 0.09375