0 0.48828125 0.482421875 0.08984375 0.08203125
0 0.732421875 0.4482421875 0.06640625 0.046875
0 0.6494140625 0.470703125 0.072265625 0.0703125
0 0.5771484375 0.4873046875 0.0703125 0.06640625
1 0.4111328125 0.54296875 0.123046875 0.205078125
0 0.3271484375 0.5625 0.12890625 0.20703125
1 0.748046875 0.529296875 0.091796875 0.06640625
1 0.5087890625 0.580078125 0.083984375 0.0625
0 0.4228515625 0.6064453125 0.080078125 0.060546875
1 0.6650390625 0.5546875 0.068359375 0.05078125
1 0.5947265625 0.5693359375 0.068359375 0.048828125
1 0.25390625 0.650390625 0.072265625 0.046875