1 0.5947265625 0.3984375 0.03515625 0.03125
1 0.6201171875 0.419921875 0.017578125 0.037109375
0 0.53515625 0.46484375 0.060546875 0.046875
1 0.4736328125 0.4853515625 0.048828125 0.0390625
0 0.556640625 0.5 0.115234375 0.201171875
0 0.52734375 0.5048828125 0.060546875 0.04296875
1 0.537109375 0.537109375 0.115234375 0.2109375
1 0.439453125 0.576171875 0.04296875 0.0390625
0 0.484375 0.5927734375 0.056640625 0.04296875
1 0.3955078125 0.634765625 0.046875 0.044921875
0 0.4462890625 0.6552734375 0.064453125 0.0546875
0 0.3916015625 0.7265625 0.052734375 0.048828125
0 0.4580078125 0.7646484375 0.03515625 0.080078125
1 0.33984375 0.7734375 0.06640625 0.076171875
1 0.40625 0.80859375 0.0703125 0.15625
1 0.33203125 0.841796875 0.07421875 0.056640625