1 0.4111328125 0.55859375 0.072265625 0.02734375
0 0.3603515625 0.5703125 0.025390625 0.021484375
1 0.5625 0.5458984375 0.06640625 0.025390625
0 0.5185546875 0.5556640625 0.021484375 0.021484375
1 0.37109375 0.599609375 0.080078125 0.03125
0 0.42578125 0.5869140625 0.025390625 0.0234375
0 0.5810546875 0.5712890625 0.021484375 0.021484375
1 0.5361328125 0.5859375 0.0703125 0.02734375
0 0.33984375 0.6494140625 0.041015625 0.05078125
1 0.4189453125 0.6328125 0.107421875 0.048828125
1 0.5859375 0.6044921875 0.078125 0.03125
0 0.5380859375 0.619140625 0.025390625 0.02734375
1 0.59375 0.64453125 0.103515625 0.04296875
1 0.4306640625 0.6845703125 0.1015625 0.044921875
0 0.3525390625 0.7021484375 0.0390625 0.048828125
0 0.5166015625 0.6669921875 0.03515625 0.046875