0 0.552734375 0.45703125 0.228515625 0.130859375
1 0.55859375 0.4658203125 0.052734375 0.060546875
1 0.638671875 0.490234375 0.103515625 0.083984375
0 0.3076171875 0.546875 0.328125 0.20703125
1 0.2705078125 0.5654296875 0.107421875 0.09765625
0 0.55859375 0.53515625 0.041015625 0.083984375
1 0.4853515625 0.5498046875 0.0546875 0.076171875
0 0.6455078125 0.556640625 0.107421875 0.080078125
0 0.3212890625 0.6298828125 0.326171875 0.19140625
1 0.609375 0.5908203125 0.2265625 0.185546875
1 0.3115234375 0.64453125 0.095703125 0.0859375
0 0.3486328125 0.6845703125 0.376953125 0.2421875
1 0.33984375 0.7060546875 0.091796875 0.087890625
0 0.3603515625 0.751953125 0.37109375 0.248046875
1 0.3486328125 0.7734375 0.08984375 0.08984375