0 0.3525390625 0.25390625 0.126953125 0.08203125
1 0.4052734375 0.3212890625 0.154296875 0.109375
0 0.3505859375 0.4013671875 0.083984375 0.091796875
1 0.3212890625 0.40625 0.240234375 0.408203125
0 0.4189453125 0.4609375 0.064453125 0.060546875
0 0.2841796875 0.478515625 0.080078125 0.177734375
1 0.3369140625 0.5380859375 0.087890625 0.169921875
1 0.44921875 0.6064453125 0.0859375 0.095703125
0 0.4072265625 0.5966796875 0.138671875 0.23828125
0 0.4697265625 0.6396484375 0.20703125 0.310546875
1 0.51171875 0.6728515625 0.095703125 0.103515625
0 0.529296875 0.7109375 0.2421875 0.3203125
1 0.5517578125 0.796875 0.076171875 0.080078125
0 0.560546875 0.810546875 0.224609375 0.267578125
1 0.40234375 0.0986328125 0.037109375 0.041015625
0 0.396484375 0.1396484375 0.04296875 0.048828125
0 0.2587890625 0.1298828125 0.04296875 0.048828125
0 0.310546875 0.1552734375 0.037109375 0.03125