0 0.5302734375 0.3056640625 0.0625 0.041015625
0 0.3662109375 0.35546875 0.072265625 0.052734375
1 0.3525390625 0.37109375 0.193359375 0.2890625
1 0.5400390625 0.34375 0.130859375 0.083984375
0 0.6669921875 0.431640625 0.111328125 0.107421875
1 0.587890625 0.48046875 0.12109375 0.08203125
1 0.6845703125 0.466796875 0.21875 0.2265625
0 0.5302734375 0.6015625 0.30859375 0.3515625
1 0.4365234375 0.623046875 0.095703125 0.078125
0 0.28125 0.6572265625 0.142578125 0.220703125
1 0.3359375 0.7275390625 0.353515625 0.453125
1 0.5341796875 0.779296875 0.076171875 0.05859375
0 0.4267578125 0.861328125 0.111328125 0.076171875