1 0.259765625 0.296875 0.150390625 0.193359375
0 0.4013671875 0.33984375 0.068359375 0.041015625
1 0.6337890625 0.392578125 0.078125 0.1328125
0 0.5234375 0.380859375 0.185546875 0.076171875
1 0.4833984375 0.3779296875 0.052734375 0.037109375
0 0.62890625 0.4111328125 0.037109375 0.068359375
0 0.673828125 0.423828125 0.0390625 0.01171875
0 0.1982421875 0.341796875 0.06640625 0.048828125
0 0.3310546875 0.376953125 0.060546875 0.107421875
1 0.3310546875 0.380859375 0.1484375 0.232421875
0 0.5166015625 0.41796875 0.1796875 0.078125
1 0.4736328125 0.4140625 0.06640625 0.044921875
1 0.1337890625 0.3701171875 0.080078125 0.04296875
1 0.658203125 0.470703125 0.103515625 0.146484375
0 0.5283203125 0.453125 0.212890625 0.07421875
1 0.2080078125 0.3994140625 0.060546875 0.03125
1 0.4873046875 0.4501953125 0.052734375 0.033203125
1 0.40234375 0.435546875 0.068359375 0.11328125
0 0.6494140625 0.498046875 0.044921875 0.0703125
0 0.275390625 0.4345703125 0.111328125 0.115234375
0 0.525390625 0.478515625 0.203125 0.0703125
1 0.484375 0.4755859375 0.048828125 0.03125
0 0.73046875 0.529296875 0.03515625 0.025390625
0 0.1552734375 0.431640625 0.072265625 0.046875
0 0.2177734375 0.4462890625 0.0625 0.0390625
1 0.7294921875 0.5380859375 0.076171875 0.0625
0 0.517578125 0.5029296875 0.197265625 0.068359375
1 0.4765625 0.5 0.046875 0.029296875
1 0.81640625 0.58203125 0.05859375 0.0625
0 0.873046875 0.62109375 0.041015625 0.033203125
1 0.8740234375 0.62890625 0.1171875 0.123046875
0 0.7900390625 0.6181640625 0.06640625 0.068359375
1 0.544921875 0.1904296875 0.041015625 0.013671875
1 0.6064453125 0.2451171875 0.046875 0.015625
1 0.111328125 0.171875 0.064453125 0.025390625
1 0.322265625 0.2265625 0.08203125 0.08984375
0 0.4033203125 0.2412109375 0.048828125 0.06640625
0 0.2568359375 0.2236328125 0.072265625 0.03515625
0 0.46875 0.2626953125 0.103515625 0.201171875
1 0.52734375 0.2783203125 0.044921875 0.0234375
0 0.197265625 0.228515625 0.04296875 0.025390625
1 0.1015625 0.2177734375 0.068359375 0.037109375
1 0.58984375 0.3251953125 0.078125 0.0390625
0 0.251953125 0.2734375 0.078125 0.048828125
1 0.1806640625 0.27734375 0.076171875 0.041015625