0 0.3203125 0.357421875 0.087890625 0.203125
0 0.294921875 0.3779296875 0.064453125 0.150390625
0 0.3896484375 0.3818359375 0.072265625 0.171875
0 0.2841796875 0.392578125 0.044921875 0.11328125
0 0.271484375 0.396484375 0.041015625 0.103515625
0 0.365234375 0.396484375 0.048828125 0.1328125
0 0.34375 0.400390625 0.0390625 0.1171875
1 0.271484375 0.41796875 0.01171875 0.025390625
0 0.5947265625 0.3876953125 0.029296875 0.111328125
1 0.28515625 0.4228515625 0.017578125 0.0390625
1 0.32421875 0.419921875 0.0234375 0.048828125
1 0.6474609375 0.388671875 0.04296875 0.12109375
1 0.7099609375 0.3896484375 0.05078125 0.130859375
1 0.615234375 0.4013671875 0.1015625 0.1953125
1 0.34765625 0.431640625 0.015625 0.03125
1 0.390625 0.4287109375 0.029296875 0.05078125
1 0.78125 0.3955078125 0.05859375 0.140625
0 0.3359375 0.548828125 0.01953125 0.025390625
1 0.3388671875 0.5546875 0.037109375 0.109375
0 0.4375 0.798828125 0.01953125 0.029296875
1 0.443359375 0.80078125 0.04296875 0.123046875
0 0.4580078125 0.814453125 0.013671875 0.029296875
1 0.46875 0.8232421875 0.04296875 0.115234375
0 0.5166015625 0.82421875 0.029296875 0.029296875
1 0.5634765625 0.8193359375 0.056640625 0.04296875
0 0.4892578125 0.8310546875 0.0234375 0.03515625
1 0.49609375 0.83984375 0.041015625 0.12109375
1 0.609375 0.833984375 0.0546875 0.048828125
0 0.5498046875 0.8447265625 0.033203125 0.0390625
1 0.6513671875 0.859375 0.0625 0.048828125
1 0.521484375 0.876953125 0.0234375 0.076171875
1 0.595703125 0.890625 0.01953125 0.0625
0 0.638671875 0.8876953125 0.041015625 0.044921875
1 0.5576171875 0.900390625 0.025390625 0.078125
1 0.6455078125 0.9482421875 0.029296875 0.080078125