0 0.5986328125 0.501953125 0.068359375 0.033203125
1 0.298828125 0.4833984375 0.060546875 0.1171875
1 0.59375 0.537109375 0.134765625 0.060546875
0 0.779296875 0.6162109375 0.060546875 0.037109375
1 0.767578125 0.65625 0.12109375 0.19921875
1 0.326171875 0.599609375 0.052734375 0.06640625
0 0.5615234375 0.638671875 0.171875 0.0390625
1 0.1650390625 0.5830078125 0.103515625 0.2265625
0 0.16015625 0.6044921875 0.052734375 0.1328125
1 0.58984375 0.6923828125 0.27734375 0.15234375
0 0.5546875 0.69921875 0.1796875 0.0625
0 0.3232421875 0.6787109375 0.279296875 0.115234375