0 0.2822265625 0.3515625 0.0859375 0.150390625
0 0.25 0.359375 0.060546875 0.115234375
0 0.3447265625 0.3828125 0.068359375 0.12109375
0 0.5048828125 0.4208984375 0.02734375 0.064453125
1 0.5390625 0.4287109375 0.03125 0.068359375
1 0.5771484375 0.4365234375 0.03125 0.068359375
0 0.232421875 0.3671875 0.046875 0.08984375
1 0.61328125 0.4482421875 0.03125 0.0703125
0 0.21484375 0.365234375 0.0390625 0.08203125
0 0.3173828125 0.3896484375 0.048828125 0.091796875
0 0.2978515625 0.3876953125 0.041015625 0.0859375
1 0.5048828125 0.4306640625 0.05859375 0.115234375
1 0.2744140625 0.39453125 0.029296875 0.0390625
1 0.212890625 0.3828125 0.015625 0.021484375
1 0.23046875 0.388671875 0.0234375 0.033203125
1 0.3369140625 0.4130859375 0.029296875 0.0390625
1 0.2939453125 0.408203125 0.015625 0.0234375
1 0.625 0.5029296875 0.01171875 0.02734375
0 0.2392578125 0.49609375 0.0234375 0.021484375
1 0.240234375 0.4990234375 0.04296875 0.087890625
0 0.25390625 0.50390625 0.015625 0.01953125
1 0.2607421875 0.5068359375 0.048828125 0.087890625
1 0.4033203125 0.701171875 0.037109375 0.025390625
1 0.4375 0.7099609375 0.03515625 0.0234375
1 0.46484375 0.7236328125 0.03515625 0.021484375
0 0.29296875 0.693359375 0.021484375 0.025390625
1 0.296875 0.6962890625 0.046875 0.09765625
0 0.3125 0.7041015625 0.015625 0.0234375
1 0.3203125 0.70703125 0.048828125 0.09765625
0 0.3388671875 0.71484375 0.021484375 0.025390625
1 0.341796875 0.7197265625 0.044921875 0.1015625
1 0.4208984375 0.7490234375 0.01953125 0.044921875
1 0.3603515625 0.74609375 0.025390625 0.0546875
1 0.38671875 0.759765625 0.02734375 0.056640625
1 0.447265625 0.7861328125 0.029296875 0.05859375