0 0.369140625 0.34375 0.0859375 0.181640625
1 0.763671875 0.419921875 0.033203125 0.0703125
1 0.7255859375 0.4150390625 0.03125 0.072265625
1 0.8037109375 0.4287109375 0.033203125 0.072265625
0 0.6826171875 0.4091796875 0.025390625 0.0703125
0 0.4619140625 0.3779296875 0.06640625 0.140625
1 0.6787109375 0.4208984375 0.0703125 0.123046875
0 0.328125 0.3583984375 0.072265625 0.142578125
0 0.4267578125 0.3876953125 0.052734375 0.109375
0 0.2958984375 0.3671875 0.056640625 0.11328125
0 0.3994140625 0.38671875 0.046875 0.103515625
0 0.267578125 0.3662109375 0.048828125 0.103515625
1 0.365234375 0.3984375 0.041015625 0.05078125
1 0.455078125 0.4150390625 0.037109375 0.044921875
1 0.265625 0.3896484375 0.0234375 0.029296875
1 0.29296875 0.3935546875 0.033203125 0.041015625
1 0.396484375 0.412109375 0.0234375 0.03125
0 0.30078125 0.5263671875 0.029296875 0.025390625
0 0.3271484375 0.533203125 0.025390625 0.025390625
1 0.3330078125 0.5380859375 0.052734375 0.109375
1 0.2998046875 0.5341796875 0.052734375 0.111328125
1 0.607421875 0.7255859375 0.033203125 0.01953125
1 0.6435546875 0.7314453125 0.03515625 0.01953125
1 0.5712890625 0.72265625 0.03125 0.017578125
1 0.599609375 0.76953125 0.021484375 0.046875
0 0.490234375 0.7578125 0.029296875 0.02734375
0 0.4521484375 0.7509765625 0.025390625 0.029296875
0 0.4228515625 0.748046875 0.029296875 0.02734375
1 0.4873046875 0.76171875 0.052734375 0.115234375
1 0.45703125 0.755859375 0.052734375 0.115234375
1 0.421875 0.751953125 0.052734375 0.115234375
1 0.6357421875 0.7998046875 0.029296875 0.0625
1 0.5595703125 0.7900390625 0.02734375 0.060546875
1 0.521484375 0.783203125 0.02734375 0.060546875