0 0.1337890625 0.3662109375 0.0625 0.0546875
0 0.2900390625 0.3740234375 0.0390625 0.1484375
0 0.4951171875 0.373046875 0.185546875 0.0703125
1 0.453125 0.376953125 0.068359375 0.05078125
1 0.8837890625 0.36328125 0.056640625 0.0625
0 0.9697265625 0.3642578125 0.05078125 0.025390625
1 0.296875 0.4052734375 0.111328125 0.328125
1 0.962890625 0.3876953125 0.072265625 0.150390625
1 0.0517578125 0.431640625 0.08203125 0.046875
0 0.5224609375 0.4208984375 0.23046875 0.068359375
1 0.4775390625 0.4248046875 0.056640625 0.04296875
0 0.7744140625 0.416015625 0.046875 0.01953125
1 0.3798828125 0.431640625 0.064453125 0.166015625
1 0.140625 0.4482421875 0.06640625 0.0390625
1 0.66796875 0.43359375 0.0859375 0.169921875
1 0.779296875 0.4375 0.099609375 0.0390625
0 0.896484375 0.4375 0.06640625 0.08203125
0 0.67578125 0.453125 0.03125 0.109375
0 0.5283203125 0.4658203125 0.23046875 0.072265625
1 0.4873046875 0.46875 0.056640625 0.04296875
0 0.2275390625 0.48828125 0.1015625 0.181640625
0 0.0615234375 0.52734375 0.08203125 0.064453125
0 0.533203125 0.5126953125 0.232421875 0.076171875
0 0.1494140625 0.5283203125 0.068359375 0.0546875
1 0.4853515625 0.5166015625 0.056640625 0.044921875
0 0.3447265625 0.1943359375 0.03515625 0.056640625
1 0.2685546875 0.19921875 0.052734375 0.080078125
1 0.4609375 0.2138671875 0.0390625 0.029296875
0 0.41015625 0.2216796875 0.072265625 0.169921875
1 0.0478515625 0.24609375 0.05859375 0.029296875
1 0.5302734375 0.2470703125 0.06640625 0.029296875
0 0.2001953125 0.2607421875 0.072265625 0.04296875
1 0.123046875 0.2861328125 0.064453125 0.037109375
0 0.3603515625 0.2978515625 0.06640625 0.0390625
1 0.2099609375 0.318359375 0.103515625 0.177734375
0 0.490234375 0.322265625 0.185546875 0.0546875
1 0.451171875 0.328125 0.052734375 0.03515625
1 0.6015625 0.32421875 0.056640625 0.13671875
0 0.6015625 0.333984375 0.0234375 0.08203125