1 0.60546875 0.408203125 0.0390625 0.033203125
1 0.6279296875 0.43359375 0.021484375 0.037109375
0 0.5390625 0.46875 0.064453125 0.052734375
1 0.4755859375 0.482421875 0.05078125 0.04296875
0 0.556640625 0.505859375 0.1328125 0.20703125
0 0.5263671875 0.5078125 0.0625 0.048828125
1 0.533203125 0.541015625 0.134765625 0.216796875
1 0.431640625 0.5693359375 0.044921875 0.04296875
0 0.474609375 0.5908203125 0.05859375 0.046875
1 0.3818359375 0.623046875 0.05078125 0.048828125
0 0.4306640625 0.6494140625 0.0703125 0.060546875
0 0.369140625 0.7138671875 0.056640625 0.0546875
0 0.4306640625 0.7587890625 0.04296875 0.08203125
1 0.3115234375 0.755859375 0.072265625 0.080078125
1 0.375 0.796875 0.0859375 0.16015625
1 0.2978515625 0.822265625 0.078125 0.0625