0 0.576171875 0.521484375 0.05859375 0.0390625
0 0.3134765625 0.580078125 0.123046875 0.09375
1 0.578125 0.548828125 0.123046875 0.0859375
1 0.3720703125 0.611328125 0.05859375 0.037109375
1 0.3037109375 0.6279296875 0.240234375 0.220703125
0 0.4208984375 0.65234375 0.2109375 0.220703125
0 0.248046875 0.693359375 0.044921875 0.03515625
1 0.4892578125 0.65625 0.10546875 0.0703125
0 0.5888671875 0.6669921875 0.087890625 0.09765625
0 0.6728515625 0.6650390625 0.0546875 0.03125
1 0.58203125 0.6982421875 0.17578125 0.21484375
1 0.66796875 0.734375 0.22265625 0.240234375