1 0.5009765625 0.4873046875 0.1015625 0.076171875
1 0.201171875 0.576171875 0.08203125 0.052734375
1 0.7041015625 0.4697265625 0.083984375 0.0625
1 0.609375 0.4951171875 0.083984375 0.0625
1 0.818359375 0.466796875 0.115234375 0.083984375
1 0.4228515625 0.609375 0.158203125 0.251953125
0 0.322265625 0.634765625 0.171875 0.259765625
0 0.5322265625 0.6064453125 0.111328125 0.1015625
0 0.7275390625 0.572265625 0.0859375 0.083984375
0 0.634765625 0.595703125 0.087890625 0.08203125
0 0.8408203125 0.56640625 0.08203125 0.05859375