1 0.7421875 0.4619140625 0.015625 0.06640625
1 0.716796875 0.46484375 0.017578125 0.068359375
1 0.6904296875 0.470703125 0.017578125 0.0703125
0 0.6572265625 0.478515625 0.013671875 0.072265625
1 0.66015625 0.4892578125 0.041015625 0.12890625
0 0.3310546875 0.5244140625 0.107421875 0.255859375
0 0.4462890625 0.5283203125 0.0703125 0.185546875
0 0.4130859375 0.5517578125 0.068359375 0.150390625
0 0.2822265625 0.5625 0.087890625 0.2109375
0 0.3896484375 0.5625 0.046875 0.142578125
1 0.4609375 0.5703125 0.037109375 0.056640625
0 0.2333984375 0.59375 0.0859375 0.173828125
1 0.3505859375 0.59375 0.048828125 0.06640625
0 0.1923828125 0.6064453125 0.07421875 0.162109375
1 0.3916015625 0.595703125 0.02734375 0.0390625
1 0.2470703125 0.630859375 0.05078125 0.0625
0 0.3271484375 0.79296875 0.0390625 0.033203125
1 0.33203125 0.7978515625 0.064453125 0.154296875
0 0.2890625 0.8046875 0.037109375 0.0390625
1 0.2841796875 0.818359375 0.06640625 0.166015625
0 0.7109375 0.8310546875 0.025390625 0.0234375
0 0.658203125 0.87109375 0.029296875 0.025390625
1 0.68359375 0.8720703125 0.013671875 0.048828125
1 0.71484375 0.8740234375 0.017578125 0.0625
0 0.6259765625 0.890625 0.03125 0.025390625
0 0.685546875 0.8994140625 0.017578125 0.015625
1 0.6611328125 0.916015625 0.01953125 0.06640625
1 0.5869140625 0.93359375 0.046875 0.126953125
0 0.5947265625 0.93359375 0.025390625 0.029296875
1 0.630859375 0.935546875 0.01953125 0.068359375
1 0.55859375 0.9423828125 0.046875 0.109375
1 0.521484375 0.9541015625 0.048828125 0.091796875
0 0.5595703125 0.9560546875 0.03125 0.025390625
0 0.53125 0.9775390625 0.03125 0.03125