0 0.3251953125 0.36328125 0.072265625 0.060546875
1 0.60546875 0.390625 0.03125 0.126953125
0 0.46484375 0.3974609375 0.05078125 0.046875
1 0.2412109375 0.4072265625 0.08203125 0.056640625
0 0.6064453125 0.40234375 0.013671875 0.07421875
0 0.5419921875 0.408203125 0.107421875 0.076171875
1 0.5224609375 0.4150390625 0.03125 0.041015625
1 0.330078125 0.43359375 0.10546875 0.23046875
0 0.54296875 0.455078125 0.11328125 0.091796875
1 0.7734375 0.451171875 0.0390625 0.041015625
1 0.5205078125 0.4658203125 0.04296875 0.052734375
0 0.6865234375 0.4638671875 0.033203125 0.013671875
0 0.4033203125 0.4833984375 0.025390625 0.16015625
1 0.6259765625 0.4755859375 0.05078125 0.150390625
1 0.6845703125 0.4814453125 0.068359375 0.021484375
0 0.8154296875 0.4794921875 0.03125 0.01953125
0 0.552734375 0.494140625 0.12890625 0.095703125
0 0.626953125 0.4931640625 0.0234375 0.083984375
1 0.822265625 0.48828125 0.05859375 0.08984375
1 0.40625 0.5068359375 0.080078125 0.349609375
0 0.2578125 0.5146484375 0.0703125 0.068359375
1 0.53125 0.5048828125 0.033203125 0.04296875
0 0.765625 0.4990234375 0.04296875 0.048828125
1 0.4736328125 0.5263671875 0.0390625 0.162109375
0 0.5517578125 0.53125 0.126953125 0.099609375
1 0.53125 0.5458984375 0.033203125 0.041015625
0 0.55078125 0.568359375 0.126953125 0.10546875
1 0.5263671875 0.5849609375 0.03125 0.0390625
1 0.267578125 0.60546875 0.0703125 0.0625
1 0.1640625 0.619140625 0.111328125 0.08984375
0 0.34765625 0.625 0.091796875 0.2109375
0 0.2783203125 0.69140625 0.068359375 0.06640625
0 0.189453125 0.7333984375 0.09765625 0.08984375
1 0.3466796875 0.2568359375 0.017578125 0.060546875
0 0.45703125 0.2724609375 0.02734375 0.068359375
1 0.390625 0.279296875 0.048828125 0.107421875
1 0.5380859375 0.2939453125 0.02734375 0.03125
0 0.5009765625 0.30078125 0.046875 0.201171875
0 0.3427734375 0.3056640625 0.02734375 0.037109375
1 0.57421875 0.3212890625 0.041015625 0.02734375
1 0.12890625 0.3505859375 0.08984375 0.056640625