1 0.6142578125 0.3876953125 0.076171875 0.025390625
0 0.6513671875 0.4033203125 0.228515625 0.140625
0 0.8056640625 0.3994140625 0.048828125 0.01953125
1 0.65234375 0.4208984375 0.05078125 0.0625
0 0.708984375 0.4482421875 0.189453125 0.15234375
0 0.828125 0.4443359375 0.021484375 0.048828125
1 0.6796875 0.4677734375 0.05078125 0.0625
0 0.4404296875 0.4921875 0.33203125 0.1953125
1 0.4267578125 0.513671875 0.08984375 0.0859375
1 0.775390625 0.48046875 0.0859375 0.078125
1 0.2490234375 0.63671875 0.12890625 0.12890625
1 0.5146484375 0.6357421875 0.40234375 0.298828125
0 0.4228515625 0.6767578125 0.11328125 0.119140625
0 0.28125 0.7509765625 0.138671875 0.15625