1 0.328125 0.3857421875 0.021484375 0.05078125
0 0.4443359375 0.373046875 0.04296875 0.068359375
1 0.375 0.39453125 0.0703125 0.103515625
1 0.5419921875 0.369140625 0.03515625 0.03515625
0 0.5 0.3857421875 0.087890625 0.19140625
0 0.3388671875 0.42578125 0.021484375 0.03125
1 0.59375 0.3837890625 0.052734375 0.03515625
1 0.1357421875 0.5078125 0.08984375 0.060546875
0 0.3232421875 0.4833984375 0.083984375 0.06640625
1 0.2451171875 0.537109375 0.0859375 0.064453125
0 0.4775390625 0.4833984375 0.064453125 0.052734375
1 0.6494140625 0.4443359375 0.064453125 0.12890625
0 0.57421875 0.4755859375 0.142578125 0.095703125
0 0.654296875 0.4560546875 0.03125 0.078125
1 0.55078125 0.4853515625 0.044921875 0.044921875
1 0.3408203125 0.5400390625 0.146484375 0.228515625
0 0.5869140625 0.5185546875 0.150390625 0.11328125
1 0.5576171875 0.5361328125 0.060546875 0.060546875
0 0.4287109375 0.578125 0.060546875 0.154296875
1 0.865234375 0.4697265625 0.052734375 0.0546875
0 0.767578125 0.5 0.041015625 0.0234375
0 0.2802734375 0.626953125 0.08203125 0.076171875
1 0.69921875 0.5224609375 0.0859375 0.16015625
1 0.4345703125 0.5986328125 0.158203125 0.34375
0 0.6064453125 0.5556640625 0.17578125 0.123046875
1 0.771484375 0.5166015625 0.08203125 0.04296875
0 0.7041015625 0.5419921875 0.04296875 0.08984375
1 0.58203125 0.572265625 0.046875 0.046875
1 0.515625 0.6044921875 0.076171875 0.1640625
0 0.8701171875 0.5224609375 0.060546875 0.0625
0 0.6162109375 0.595703125 0.173828125 0.125
1 0.591796875 0.6103515625 0.046875 0.046875
1 0.919921875 0.5439453125 0.09765625 0.0859375
0 0.919921875 0.5439453125 0.0390625 0.025390625
1 0.2060546875 0.732421875 0.115234375 0.09375
1 0.306640625 0.708984375 0.08203125 0.068359375
0 0.6240234375 0.6318359375 0.171875 0.126953125
1 0.59375 0.6513671875 0.046875 0.046875
0 0.39453125 0.7138671875 0.1328125 0.205078125
0 0.3330078125 0.7890625 0.080078125 0.07421875
0 0.2470703125 0.8349609375 0.107421875 0.091796875