1 0.57421875 0.40625 0.029296875 0.03125
0 0.5283203125 0.484375 0.048828125 0.04296875
0 0.5498046875 0.4951171875 0.103515625 0.15234375
1 0.4892578125 0.5224609375 0.037109375 0.03515625
1 0.53515625 0.5322265625 0.10546875 0.146484375
0 0.53125 0.5322265625 0.046875 0.041015625
1 0.552734375 0.560546875 0.02734375 0.072265625
1 0.4990234375 0.5771484375 0.076171875 0.04296875
1 0.4609375 0.5986328125 0.03125 0.033203125
0 0.49609375 0.6123046875 0.041015625 0.03515625
0 0.5517578125 0.6220703125 0.0234375 0.0625
1 0.517578125 0.630859375 0.02734375 0.068359375
1 0.4326171875 0.658203125 0.033203125 0.037109375
0 0.4697265625 0.6708984375 0.048828125 0.044921875
0 0.5205078125 0.6806640625 0.025390625 0.0546875
1 0.490234375 0.6943359375 0.029296875 0.07421875
1 0.4404296875 0.712890625 0.0703125 0.0390625
0 0.4130859375 0.724609375 0.037109375 0.037109375
0 0.49609375 0.740234375 0.025390625 0.0625
1 0.3828125 0.76171875 0.0390625 0.052734375
1 0.435546875 0.779296875 0.05078125 0.11328125
1 0.3818359375 0.810546875 0.052734375 0.02734375
0 0.4453125 0.8212890625 0.025390625 0.0625