0 0.3017578125 0.400390625 0.103515625 0.23046875
0 0.37890625 0.416015625 0.0703125 0.16796875
0 0.34765625 0.4140625 0.05859375 0.17578125
0 0.26171875 0.40625 0.115234375 0.2421875
0 0.2197265625 0.408203125 0.12109375 0.25390625
1 0.3466796875 0.451171875 0.03125 0.044921875
1 0.173828125 0.4326171875 0.095703125 0.115234375
1 0.3154296875 0.4521484375 0.03515625 0.052734375
1 0.376953125 0.462890625 0.03125 0.044921875
1 0.27734375 0.45703125 0.0390625 0.0546875
1 0.236328125 0.4677734375 0.04296875 0.056640625
0 0.611328125 0.541015625 0.12890625 0.2109375
0 0.53515625 0.5498046875 0.068359375 0.078125
1 0.5703125 0.5537109375 0.115234375 0.21875
0 0.146484375 0.5078125 0.046875 0.06640625
1 0.65625 0.591796875 0.037109375 0.0390625
0 0.451171875 0.5966796875 0.0625 0.072265625
0 0.3681640625 0.611328125 0.07421875 0.07421875
1 0.5146484375 0.6513671875 0.0625 0.07421875
0 0.2470703125 0.65234375 0.09375 0.068359375
1 0.4375 0.685546875 0.0625 0.068359375
1 0.359375 0.716796875 0.072265625 0.08203125
1 0.240234375 0.755859375 0.130859375 0.130859375