1 0.9267578125 0.265625 0.091796875 0.11328125
0 0.259765625 0.4208984375 0.466796875 0.375
1 0.396484375 0.47265625 0.5625 0.4453125
0 0.5595703125 0.4775390625 0.07421875 0.09375
0 0.34765625 0.5224609375 0.306640625 0.240234375
1 0.451171875 0.591796875 0.224609375 0.18359375
0 0.4716796875 0.697265625 0.3359375 0.283203125
1 0.5869140625 0.701171875 0.1015625 0.083984375
0 0.5302734375 0.7607421875 0.333984375 0.275390625
1 0.275390625 0.26953125 0.140625 0.1171875
0 0.859375 0.1748046875 0.078125 0.1015625
0 0.20703125 0.34765625 0.408203125 0.326171875