0 0.2763671875 0.267578125 0.046875 0.048828125
0 0.6689453125 0.3798828125 0.1328125 0.1640625
1 0.5947265625 0.4140625 0.0390625 0.033203125
1 0.7216796875 0.4052734375 0.142578125 0.169921875
0 0.7841796875 0.4345703125 0.072265625 0.064453125
0 0.697265625 0.4580078125 0.05078125 0.04296875
0 0.8505859375 0.466796875 0.0546875 0.0546875
1 0.759765625 0.4853515625 0.068359375 0.05859375
1 0.826171875 0.5078125 0.060546875 0.048828125
1 0.41015625 0.58984375 0.072265625 0.056640625
0 0.3798828125 0.6669921875 0.224609375 0.244140625
0 0.61328125 0.6357421875 0.052734375 0.046875
0 0.427734375 0.67578125 0.24609375 0.26171875
1 0.51171875 0.6953125 0.296875 0.33984375
0 0.49609375 0.7119140625 0.1640625 0.1796875
1 0.578125 0.7294921875 0.119140625 0.142578125
1 0.6982421875 0.771484375 0.060546875 0.056640625
0 0.615234375 0.8154296875 0.203125 0.251953125
0 0.6748046875 0.8486328125 0.197265625 0.251953125
1 0.2607421875 0.2275390625 0.041015625 0.0390625