1 0.59375 0.4453125 0.0859375 0.06640625
0 0.25 0.4453125 0.328125 0.099609375
1 0.158203125 0.4453125 0.1015625 0.07421875
0 0.66015625 0.4453125 0.3671875 0.08984375
1 0.787109375 0.51953125 0.23046875 0.072265625
0 0.255859375 0.529296875 0.330078125 0.08984375
1 0.193359375 0.53125 0.09765625 0.06640625
0 0.591796875 0.53515625 0.0546875 0.09765625
0 0.294921875 0.595703125 0.400390625 0.115234375
1 0.220703125 0.603515625 0.099609375 0.06640625
0 0.7890625 0.619140625 0.2421875 0.046875
1 0.716796875 0.634765625 0.45703125 0.12890625
0 0.30078125 0.673828125 0.3984375 0.099609375
1 0.2265625 0.677734375 0.099609375 0.06640625