0 0.546875 0.30859375 0.060546875 0.037109375
0 0.3798828125 0.34375 0.068359375 0.046875
1 0.365234375 0.3583984375 0.171875 0.27734375
1 0.5537109375 0.34765625 0.125 0.07421875
0 0.6728515625 0.447265625 0.103515625 0.099609375
1 0.5888671875 0.48828125 0.115234375 0.07421875
1 0.6865234375 0.4833984375 0.203125 0.212890625
0 0.5205078125 0.6044921875 0.283203125 0.33203125
1 0.42578125 0.6171875 0.08984375 0.072265625
0 0.2685546875 0.6376953125 0.125 0.212890625
1 0.3173828125 0.712890625 0.3203125 0.431640625
1 0.509765625 0.78125 0.07421875 0.052734375
0 0.3955078125 0.853515625 0.107421875 0.068359375