0 0.6171875 0.5205078125 0.314453125 0.1171875
1 0.5556640625 0.533203125 0.078125 0.0625
0 0.2734375 0.5751953125 0.279296875 0.125
1 0.2001953125 0.587890625 0.0859375 0.064453125
1 0.732421875 0.5703125 0.20703125 0.087890625
0 0.2890625 0.6435546875 0.2734375 0.109375
0 0.56640625 0.607421875 0.056640625 0.0859375
1 0.23828125 0.6552734375 0.08203125 0.060546875
0 0.3271484375 0.6875 0.3359375 0.142578125
1 0.267578125 0.7099609375 0.083984375 0.0625
0 0.7509765625 0.66015625 0.21875 0.080078125
1 0.6904296875 0.6748046875 0.404296875 0.158203125
0 0.3408203125 0.7568359375 0.33203125 0.123046875
1 0.279296875 0.76953125 0.08203125 0.0625