1 0.6513671875 0.3740234375 0.07421875 0.044921875
1 0.568359375 0.396484375 0.07421875 0.044921875
1 0.4931640625 0.4228515625 0.060546875 0.0390625
1 0.42578125 0.4443359375 0.060546875 0.0390625
1 0.2822265625 0.490234375 0.0625 0.0390625
1 0.2080078125 0.5244140625 0.087890625 0.052734375
0 0.5068359375 0.478515625 0.0625 0.046875
0 0.658203125 0.4404296875 0.076171875 0.05859375
0 0.4404296875 0.4970703125 0.0625 0.046875
0 0.5791015625 0.4619140625 0.076171875 0.056640625
0 0.3017578125 0.54296875 0.064453125 0.048828125
0 0.2275390625 0.576171875 0.05859375 0.033203125
1 0.5859375 0.6015625 0.07421875 0.044921875
1 0.5048828125 0.6259765625 0.07421875 0.044921875
0 0.591796875 0.650390625 0.05078125 0.03125
0 0.5146484375 0.671875 0.048828125 0.029296875