1 0.607421875 0.3818359375 0.076171875 0.029296875
0 0.6455078125 0.3955078125 0.232421875 0.15234375
0 0.7998046875 0.3828125 0.048828125 0.0234375
1 0.6484375 0.4130859375 0.052734375 0.064453125
0 0.7060546875 0.4375 0.1953125 0.16015625
0 0.82421875 0.4267578125 0.025390625 0.048828125
1 0.677734375 0.4580078125 0.052734375 0.064453125
0 0.4404296875 0.49609375 0.337890625 0.2109375
1 0.427734375 0.517578125 0.09375 0.08984375
1 0.7734375 0.466796875 0.087890625 0.08203125
1 0.2568359375 0.6494140625 0.134765625 0.134765625
1 0.521484375 0.634765625 0.4140625 0.318359375
0 0.431640625 0.6806640625 0.1171875 0.123046875
0 0.2939453125 0.76171875 0.146484375 0.162109375