1 0.509765625 0.43359375 0.12890625 0.0859375
1 0.8837890625 0.4072265625 0.0859375 0.05078125
0 0.6494140625 0.4482421875 0.11328125 0.078125
1 0.244140625 0.501953125 0.111328125 0.072265625
1 0.3779296875 0.4873046875 0.10546875 0.0703125
1 0.1103515625 0.5458984375 0.154296875 0.099609375
1 0.884765625 0.5078125 0.16015625 0.298828125
0 0.7744140625 0.5234375 0.162109375 0.294921875
1 0.658203125 0.5380859375 0.1640625 0.298828125
0 0.529296875 0.5908203125 0.134765625 0.1171875
0 0.3935546875 0.625 0.107421875 0.099609375
0 0.263671875 0.6416015625 0.115234375 0.1015625
0 0.126953125 0.6796875 0.107421875 0.06640625