1 0.560546875 0.38671875 0.06640625 0.021484375
0 0.611328125 0.3955078125 0.080078125 0.025390625
1 0.814453125 0.380859375 0.046875 0.041015625
0 0.4775390625 0.4521484375 0.068359375 0.021484375
0 0.7021484375 0.4365234375 0.06640625 0.06640625
1 0.5166015625 0.4638671875 0.05859375 0.0234375
1 0.634765625 0.447265625 0.08984375 0.08203125
0 0.3955078125 0.4833984375 0.07421875 0.0234375
1 0.4267578125 0.5 0.0703125 0.033203125
0 0.7373046875 0.474609375 0.166015625 0.244140625
0 0.2998046875 0.5361328125 0.064453125 0.029296875
1 0.2158203125 0.5537109375 0.091796875 0.03125
1 0.53515625 0.5126953125 0.083984375 0.07421875
1 0.6953125 0.498046875 0.142578125 0.259765625
1 0.4384765625 0.5537109375 0.1015625 0.0859375
1 0.283203125 0.626953125 0.169921875 0.130859375
0 0.6396484375 0.5810546875 0.0859375 0.091796875
0 0.5458984375 0.6318359375 0.078125 0.08203125
0 0.4560546875 0.677734375 0.095703125 0.09375
0 0.310546875 0.75 0.111328125 0.0703125