0 0.361328125 0.4541015625 0.08203125 0.056640625
1 0.6181640625 0.564453125 0.091796875 0.123046875
1 0.5322265625 0.568359375 0.09375 0.125
1 0.6943359375 0.6201171875 0.068359375 0.091796875
1 0.2392578125 0.5595703125 0.208984375 0.5078125
1 0.3486328125 0.6044921875 0.087890625 0.1953125
0 0.6064453125 0.6513671875 0.150390625 0.3515625
0 0.5107421875 0.64453125 0.177734375 0.369140625
0 0.2412109375 0.625 0.095703125 0.279296875
0 0.6806640625 0.6943359375 0.130859375 0.279296875
0 0.431640625 0.6689453125 0.146484375 0.302734375