0 0.59765625 0.490234375 0.06640625 0.025390625
1 0.298828125 0.5078125 0.046875 0.111328125
1 0.59765625 0.525390625 0.130859375 0.044921875
0 0.7919921875 0.5810546875 0.056640625 0.03125
1 0.78515625 0.6220703125 0.099609375 0.189453125
1 0.33984375 0.6201171875 0.046875 0.060546875
0 0.578125 0.6298828125 0.171875 0.01953125
1 0.177734375 0.623046875 0.078125 0.220703125
0 0.1748046875 0.64453125 0.037109375 0.12890625
1 0.6123046875 0.6796875 0.265625 0.12109375
0 0.5791015625 0.6904296875 0.17578125 0.04296875
0 0.345703125 0.6982421875 0.2734375 0.08203125