1 0.3974609375 0.3515625 0.029296875 0.0390625
0 0.4443359375 0.3701171875 0.14453125 0.103515625
1 0.3916015625 0.39453125 0.029296875 0.037109375
1 0.5205078125 0.41796875 0.017578125 0.01171875
1 0.4970703125 0.4169921875 0.029296875 0.015625
0 0.439453125 0.412109375 0.14453125 0.1015625
1 0.482421875 0.43359375 0.025390625 0.033203125
0 0.5419921875 0.44140625 0.09765625 0.072265625
0 0.5205078125 0.443359375 0.11328125 0.08984375
1 0.4833984375 0.466796875 0.03125 0.037109375
0 0.517578125 0.4814453125 0.111328125 0.083984375
1 0.4091796875 0.50390625 0.017578125 0.033203125