1 0.314453125 0.3369140625 0.033203125 0.037109375
0 0.3251953125 0.376953125 0.037109375 0.044921875
1 0.3525390625 0.466796875 0.109375 0.03515625
0 0.38671875 0.482421875 0.271484375 0.169921875
0 0.619140625 0.4677734375 0.08984375 0.0390625
0 0.6826171875 0.4833984375 0.0859375 0.033203125
0 0.41796875 0.537109375 0.302734375 0.205078125
0 0.724609375 0.544921875 0.01953125 0.06640625
1 0.6005859375 0.5693359375 0.19921875 0.134765625
1 0.5166015625 0.5908203125 0.361328125 0.298828125
1 0.6572265625 0.6220703125 0.10546875 0.134765625
0 0.3896484375 0.6640625 0.0859375 0.12109375
1 0.4833984375 0.70703125 0.083984375 0.12890625