1 0.388671875 0.2568359375 0.060546875 0.025390625
0 0.3623046875 0.294921875 0.19921875 0.16796875
1 0.3662109375 0.3076171875 0.05078125 0.07421875
0 0.21484375 0.3818359375 0.01953125 0.0546875
0 0.33203125 0.3701171875 0.166015625 0.189453125
1 0.3642578125 0.376953125 0.0625 0.091796875
1 0.2568359375 0.400390625 0.0625 0.07421875
0 0.6025390625 0.384765625 0.337890625 0.28515625
1 0.615234375 0.3955078125 0.11328125 0.134765625
0 0.5654296875 0.4765625 0.337890625 0.322265625
1 0.5791015625 0.4912109375 0.103515625 0.1328125
0 0.4736328125 0.6181640625 0.33203125 0.37109375
1 0.779296875 0.5791015625 0.150390625 0.150390625
1 0.47265625 0.6435546875 0.095703125 0.142578125
0 0.6650390625 0.646484375 0.08984375 0.087890625