0 0.5419921875 0.283203125 0.09375 0.06640625
1 0.4892578125 0.3369140625 0.12109375 0.078125
0 0.5830078125 0.4111328125 0.064453125 0.1875
1 0.537109375 0.419921875 0.203125 0.34765625
1 0.4697265625 0.4794921875 0.111328125 0.1640625
1 0.5478515625 0.591796875 0.046875 0.083984375
0 0.3935546875 0.61328125 0.171875 0.255859375
0 0.458984375 0.638671875 0.1796875 0.25390625
1 0.4384765625 0.6455078125 0.0625 0.044921875
0 0.3564453125 0.6806640625 0.21875 0.2578125
0 0.314453125 0.767578125 0.19921875 0.208984375