0 0.5615234375 0.3623046875 0.07421875 0.0625
0 0.767578125 0.3388671875 0.0546875 0.033203125
0 0.6962890625 0.353515625 0.056640625 0.048828125
0 0.419921875 0.3916015625 0.099609375 0.169921875
0 0.630859375 0.3662109375 0.05859375 0.05078125
1 0.48828125 0.3876953125 0.095703125 0.17578125
1 0.3671875 0.4609375 0.048828125 0.02734375
0 0.4951171875 0.4453125 0.060546875 0.03515625
0 0.5576171875 0.5712890625 0.06640625 0.033203125
1 0.28515625 0.685546875 0.095703125 0.08984375
1 0.7421875 0.6435546875 0.0703125 0.068359375
1 0.59375 0.66796875 0.087890625 0.150390625
0 0.4970703125 0.71484375 0.076171875 0.216796875
0 0.3583984375 0.7431640625 0.201171875 0.365234375
1 0.4814453125 0.73046875 0.193359375 0.439453125
0 0.79296875 0.7392578125 0.212890625 0.306640625
0 0.7080078125 0.75390625 0.181640625 0.3125
0 0.2705078125 0.8076171875 0.201171875 0.37109375
1 0.6357421875 0.88671875 0.099609375 0.0703125
0 0.5048828125 0.9072265625 0.119140625 0.078125
0 0.3876953125 0.9345703125 0.13671875 0.08203125