1 0.34765625 0.39453125 0.03125 0.03515625
0 0.357421875 0.4287109375 0.037109375 0.041015625
1 0.138671875 0.5048828125 0.044921875 0.029296875
0 0.6552734375 0.408203125 0.119140625 0.15625
1 0.24609375 0.5029296875 0.041015625 0.0546875
0 0.7470703125 0.390625 0.0703125 0.06640625
0 0.306640625 0.5029296875 0.1875 0.15234375
1 0.6923828125 0.4130859375 0.107421875 0.162109375
0 0.8212890625 0.40625 0.0625 0.05859375
1 0.6005859375 0.45703125 0.033203125 0.02734375
1 0.2744140625 0.5576171875 0.041015625 0.052734375
0 0.69140625 0.4619140625 0.048828125 0.04296875
0 0.3232421875 0.55859375 0.177734375 0.140625
1 0.75 0.4638671875 0.06640625 0.05859375
1 0.451171875 0.5478515625 0.072265625 0.080078125
1 0.8212890625 0.4697265625 0.060546875 0.052734375
1 0.296875 0.6025390625 0.04296875 0.0546875
0 0.5625 0.5458984375 0.380859375 0.271484375
0 0.353515625 0.6142578125 0.208984375 0.173828125
1 0.3154296875 0.646484375 0.041015625 0.0546875
0 0.4716796875 0.62109375 0.052734375 0.091796875
0 0.3720703125 0.658203125 0.2109375 0.18359375
1 0.6591796875 0.6494140625 0.26953125 0.21484375
1 0.6796875 0.7490234375 0.509765625 0.416015625
0 0.6845703125 0.759765625 0.27734375 0.23828125
0 0.8837890625 0.7802734375 0.078125 0.12890625