0 0.6708984375 0.43359375 0.029296875 0.01171875
1 0.642578125 0.447265625 0.03125 0.0390625
1 0.673828125 0.453125 0.03125 0.03125
0 0.66015625 0.5009765625 0.029296875 0.03125
1 0.3779296875 0.5146484375 0.033203125 0.017578125
1 0.298828125 0.515625 0.03515625 0.021484375
0 0.34765625 0.5185546875 0.02734375 0.017578125
0 0.265625 0.5166015625 0.02734375 0.01953125
0 0.318359375 0.5283203125 0.02734375 0.017578125
1 0.4013671875 0.5361328125 0.033203125 0.01953125
1 0.2841796875 0.5322265625 0.037109375 0.01953125
0 0.3701171875 0.5400390625 0.02734375 0.01953125
0 0.337890625 0.5517578125 0.02734375 0.01953125
1 0.3955078125 0.5654296875 0.0546875 0.048828125
1 0.3271484375 0.587890625 0.0625 0.052734375
0 0.390625 0.607421875 0.037109375 0.0234375
0 0.328125 0.6328125 0.041015625 0.03125