1 0.35546875 0.435546875 0.15625 0.103515625
0 0.2421875 0.4951171875 0.138671875 0.09765625
1 0.64453125 0.4873046875 0.07421875 0.09765625
1 0.701171875 0.484375 0.0546875 0.068359375
0 0.63671875 0.515625 0.154296875 0.294921875
0 0.6953125 0.5126953125 0.123046875 0.232421875
0 0.5302734375 0.552734375 0.16015625 0.3359375
1 0.587890625 0.54296875 0.07421875 0.103515625
0 0.4208984375 0.576171875 0.08984375 0.0625
0 0.572265625 0.5595703125 0.162109375 0.306640625
1 0.302734375 0.6552734375 0.318359375 0.48828125
0 0.5166015625 0.6279296875 0.130859375 0.248046875
1 0.4541015625 0.6572265625 0.080078125 0.13671875
0 0.375 0.7353515625 0.109375 0.189453125