0 0.4951171875 0.4794921875 0.087890625 0.078125
0 0.7353515625 0.53515625 0.064453125 0.044921875
0 0.650390625 0.525390625 0.068359375 0.06640625
0 0.576171875 0.515625 0.068359375 0.064453125
1 0.4013671875 0.5078125 0.115234375 0.203125
0 0.31640625 0.4970703125 0.119140625 0.205078125
1 0.720703125 0.6162109375 0.091796875 0.0625
1 0.4794921875 0.578125 0.08203125 0.05859375
0 0.3896484375 0.5712890625 0.078125 0.056640625
1 0.634765625 0.6103515625 0.068359375 0.048828125
1 0.5634765625 0.5986328125 0.068359375 0.046875
1 0.216796875 0.5517578125 0.0703125 0.04296875