0 0.2744140625 0.521484375 0.06640625 0.189453125
0 0.33984375 0.5302734375 0.04296875 0.138671875
0 0.25 0.5263671875 0.0546875 0.197265625
0 0.3125 0.53125 0.0390625 0.1484375
0 0.205078125 0.529296875 0.07421875 0.205078125
1 0.3115234375 0.55859375 0.0234375 0.0390625
1 0.2841796875 0.55859375 0.02734375 0.044921875
1 0.251953125 0.5654296875 0.029296875 0.046875
1 0.3359375 0.5693359375 0.025390625 0.0390625
1 0.21875 0.5732421875 0.03125 0.048828125
0 0.693359375 0.6142578125 0.0234375 0.03125
0 0.6572265625 0.6298828125 0.02734375 0.046875
0 0.1484375 0.6103515625 0.03515625 0.05859375
0 0.576171875 0.64453125 0.05078125 0.06640625
0 0.62109375 0.6494140625 0.033203125 0.0546875
1 0.6826171875 0.6796875 0.03515625 0.056640625
1 0.6474609375 0.705078125 0.029296875 0.046875
1 0.4873046875 0.712890625 0.140625 0.255859375
1 0.611328125 0.7265625 0.033203125 0.052734375
1 0.5654296875 0.748046875 0.05078125 0.0703125
0 0.4228515625 0.740234375 0.146484375 0.291015625
0 0.5087890625 0.7861328125 0.0546875 0.068359375
1 0.376953125 0.87890625 0.09765625 0.08203125