1 0.29296875 0.3642578125 0.037109375 0.041015625
0 0.3095703125 0.40234375 0.04296875 0.048828125
1 0.349609375 0.48828125 0.111328125 0.048828125
0 0.3857421875 0.498046875 0.287109375 0.203125
0 0.61328125 0.4521484375 0.09375 0.05078125
0 0.6787109375 0.4580078125 0.087890625 0.044921875
0 0.4248046875 0.5478515625 0.322265625 0.2421875
0 0.728515625 0.513671875 0.029296875 0.068359375
1 0.609375 0.5546875 0.212890625 0.158203125
1 0.5283203125 0.587890625 0.392578125 0.341796875
1 0.6728515625 0.5986328125 0.123046875 0.146484375
0 0.4140625 0.677734375 0.099609375 0.12890625
1 0.51171875 0.70703125 0.099609375 0.13671875