0 0.240234375 0.453125 0.0859375 0.150390625
0 0.21484375 0.47265625 0.060546875 0.115234375
0 0.310546875 0.4560546875 0.068359375 0.12109375
0 0.47265625 0.42578125 0.02734375 0.064453125
1 0.5068359375 0.4189453125 0.03125 0.068359375
1 0.544921875 0.41015625 0.03125 0.068359375
0 0.2021484375 0.4873046875 0.046875 0.08984375
1 0.58203125 0.40625 0.03125 0.0703125
0 0.1845703125 0.4931640625 0.0390625 0.08203125
0 0.2890625 0.47265625 0.048828125 0.091796875
0 0.26953125 0.4794921875 0.041015625 0.0859375
1 0.4765625 0.435546875 0.05859375 0.115234375
1 0.2509765625 0.4951171875 0.029296875 0.0390625
1 0.1904296875 0.509765625 0.015625 0.021484375
1 0.2080078125 0.5078125 0.0234375 0.033203125
1 0.3154296875 0.4873046875 0.029296875 0.0390625
1 0.2744140625 0.5 0.015625 0.0234375
1 0.615234375 0.451171875 0.01171875 0.02734375
0 0.2607421875 0.6025390625 0.0234375 0.021484375
1 0.2626953125 0.6044921875 0.04296875 0.087890625
0 0.2763671875 0.603515625 0.015625 0.01953125
1 0.2841796875 0.603515625 0.048828125 0.087890625
1 0.4931640625 0.72265625 0.037109375 0.025390625
1 0.5283203125 0.7177734375 0.03515625 0.0234375
1 0.55859375 0.71875 0.03515625 0.021484375
0 0.3896484375 0.7607421875 0.021484375 0.025390625
1 0.3935546875 0.76171875 0.046875 0.09765625
0 0.412109375 0.7626953125 0.015625 0.0234375
1 0.419921875 0.7626953125 0.048828125 0.09765625
0 0.4404296875 0.7626953125 0.021484375 0.025390625
1 0.4443359375 0.765625 0.044921875 0.1015625
1 0.529296875 0.759765625 0.01953125 0.044921875
1 0.4716796875 0.78125 0.025390625 0.0546875
1 0.501953125 0.783203125 0.02734375 0.056640625
1 0.568359375 0.783203125 0.029296875 0.05859375