1 0.5146484375 0.4345703125 0.125 0.078125
1 0.8896484375 0.4345703125 0.083984375 0.044921875
0 0.65234375 0.458984375 0.109375 0.072265625
1 0.2451171875 0.484375 0.109375 0.06640625
1 0.3798828125 0.478515625 0.103515625 0.064453125
1 0.107421875 0.5185546875 0.1484375 0.08984375
1 0.8828125 0.53515625 0.142578125 0.291015625
0 0.7724609375 0.5419921875 0.142578125 0.287109375
1 0.6552734375 0.548828125 0.146484375 0.291015625
0 0.5224609375 0.5927734375 0.12890625 0.109375
0 0.384765625 0.6171875 0.1015625 0.09375
0 0.25390625 0.6240234375 0.109375 0.095703125
0 0.115234375 0.6533203125 0.103515625 0.060546875