1 0.5546875 0.3720703125 0.0390625 0.03515625
1 0.5859375 0.3837890625 0.021484375 0.037109375
0 0.5205078125 0.4541015625 0.064453125 0.052734375
1 0.470703125 0.4951171875 0.052734375 0.044921875
0 0.5537109375 0.48046875 0.138671875 0.208984375
0 0.52734375 0.4951171875 0.064453125 0.048828125
1 0.5478515625 0.5224609375 0.140625 0.21875
1 0.46875 0.5927734375 0.046875 0.04296875
0 0.5166015625 0.5927734375 0.060546875 0.048828125
1 0.4482421875 0.662109375 0.05078125 0.05078125
0 0.5029296875 0.6640625 0.0703125 0.0625
0 0.4755859375 0.75 0.05859375 0.0546875
0 0.5517578125 0.7626953125 0.044921875 0.08203125
1 0.443359375 0.8125 0.07421875 0.08203125
1 0.517578125 0.8212890625 0.08984375 0.16015625
1 0.4599609375 0.87890625 0.080078125 0.064453125