1 0.5498046875 0.390625 0.02734375 0.029296875
0 0.5234375 0.4775390625 0.048828125 0.041015625
0 0.546875 0.4833984375 0.09765625 0.150390625
1 0.4951171875 0.5244140625 0.037109375 0.03515625
1 0.5419921875 0.5234375 0.1015625 0.142578125
0 0.5380859375 0.5234375 0.046875 0.0390625
1 0.5654296875 0.5458984375 0.025390625 0.072265625
1 0.517578125 0.5751953125 0.076171875 0.041015625
1 0.4853515625 0.60546875 0.029296875 0.03125
0 0.5234375 0.609375 0.041015625 0.03515625
0 0.580078125 0.60546875 0.021484375 0.0625
1 0.5478515625 0.623046875 0.025390625 0.068359375
1 0.47265625 0.669921875 0.033203125 0.03515625
0 0.5126953125 0.673828125 0.046875 0.04296875
0 0.5634765625 0.669921875 0.0234375 0.0546875
1 0.5380859375 0.6904296875 0.02734375 0.07421875
1 0.494140625 0.720703125 0.068359375 0.03515625
0 0.4697265625 0.7392578125 0.037109375 0.037109375
0 0.5537109375 0.734375 0.0234375 0.0625
1 0.44921875 0.7822265625 0.0390625 0.052734375
1 0.5048828125 0.7861328125 0.046875 0.11328125
1 0.4599609375 0.830078125 0.052734375 0.025390625
0 0.5244140625 0.8251953125 0.0234375 0.0625