0 0.5546875 0.458984375 0.2265625 0.123046875
1 0.5595703125 0.4677734375 0.05078125 0.05859375
1 0.638671875 0.4951171875 0.1015625 0.08203125
0 0.3056640625 0.5400390625 0.32421875 0.197265625
1 0.2685546875 0.5576171875 0.103515625 0.095703125
0 0.556640625 0.537109375 0.037109375 0.08203125
1 0.4833984375 0.548828125 0.052734375 0.07421875
0 0.6435546875 0.5615234375 0.10546875 0.076171875
0 0.31640625 0.623046875 0.322265625 0.181640625
1 0.6064453125 0.5947265625 0.22265625 0.1796875
1 0.306640625 0.638671875 0.09375 0.08203125
0 0.341796875 0.6796875 0.37109375 0.23046875
1 0.33203125 0.7001953125 0.08984375 0.0859375
0 0.3515625 0.7470703125 0.365234375 0.236328125
1 0.33984375 0.7685546875 0.087890625 0.087890625