0 0.501953125 0.3447265625 0.03125 0.01171875
0 0.4482421875 0.3515625 0.029296875 0.013671875
0 0.3154296875 0.36328125 0.01953125 0.009765625
1 0.640625 0.3408203125 0.0625 0.041015625
1 0.5654296875 0.349609375 0.0625 0.041015625
1 0.275390625 0.376953125 0.02734375 0.005859375
0 0.30078125 0.3759765625 0.0234375 0.01171875
1 0.5087890625 0.3720703125 0.048828125 0.029296875
1 0.4521484375 0.376953125 0.048828125 0.029296875
1 0.2861328125 0.4091796875 0.064453125 0.0390625
0 0.6455078125 0.4130859375 0.0625 0.05078125
0 0.5751953125 0.4189453125 0.05859375 0.046875
0 0.5185546875 0.42578125 0.044921875 0.037109375
0 0.466796875 0.4306640625 0.04296875 0.037109375
0 0.302734375 0.4580078125 0.0390625 0.025390625
0 0.5302734375 0.5302734375 0.025390625 0.015625
0 0.5986328125 0.5263671875 0.0234375 0.013671875
1 0.517578125 0.5615234375 0.056640625 0.03515625
1 0.5830078125 0.5576171875 0.05859375 0.03515625
0 0.5244140625 0.603515625 0.0390625 0.021484375
0 0.5869140625 0.6025390625 0.041015625 0.0234375