1 0.220703125 0.45703125 0.03125 0.013671875
0 0.193359375 0.4619140625 0.0234375 0.015625
1 0.291015625 0.4580078125 0.03125 0.015625
0 0.26171875 0.4609375 0.025390625 0.015625
0 0.2314453125 0.470703125 0.0234375 0.015625
1 0.2021484375 0.4755859375 0.03125 0.013671875
1 0.3017578125 0.4794921875 0.03125 0.013671875
0 0.2724609375 0.482421875 0.0234375 0.015625
0 0.240234375 0.4931640625 0.0234375 0.017578125
1 0.2109375 0.49609375 0.03125 0.015625
1 0.296875 0.4990234375 0.05859375 0.0234375
1 0.2333984375 0.525390625 0.068359375 0.0390625
0 0.3076171875 0.5400390625 0.037109375 0.01953125
0 0.24609375 0.5615234375 0.041015625 0.01953125