0 0.5751953125 0.416015625 0.05078125 0.0546875
1 0.591796875 0.4326171875 0.197265625 0.259765625
0 0.345703125 0.3994140625 0.17578125 0.12109375
1 0.30859375 0.4423828125 0.326171875 0.28125
1 0.3486328125 0.494140625 0.072265625 0.064453125
0 0.6826171875 0.59765625 0.07421875 0.072265625
1 0.662109375 0.623046875 0.169921875 0.16796875
0 0.3671875 0.5712890625 0.330078125 0.294921875
1 0.455078125 0.6220703125 0.126953125 0.119140625
0 0.5244140625 0.7392578125 0.166015625 0.140625
1 0.49609375 0.7568359375 0.30078125 0.2890625
0 0.26171875 0.0361328125 0.078125 0.072265625
0 0.265625 0.0751953125 0.111328125 0.12890625
0 0.2607421875 0.14453125 0.041015625 0.0546875