1 0.46875 0.30859375 0.01171875 0.0546875
0 0.5888671875 0.3330078125 0.033203125 0.068359375
1 0.5126953125 0.33203125 0.056640625 0.1015625
1 0.68359375 0.36328125 0.03125 0.033203125
0 0.46484375 0.35546875 0.021484375 0.037109375
0 0.6259765625 0.3681640625 0.08203125 0.203125
1 0.2431640625 0.37109375 0.083984375 0.044921875
1 0.728515625 0.40234375 0.05078125 0.033203125
0 0.4365234375 0.40625 0.078125 0.05859375
1 0.3447265625 0.439453125 0.080078125 0.0546875
0 0.58984375 0.4599609375 0.05859375 0.044921875
1 0.7666015625 0.482421875 0.041015625 0.13671875
0 0.6845703125 0.486328125 0.13671875 0.076171875
0 0.7705078125 0.494140625 0.015625 0.08203125
1 0.6611328125 0.4912109375 0.0390625 0.04296875
1 0.4208984375 0.478515625 0.1484375 0.234375
1 0.654296875 0.546875 0.052734375 0.056640625
0 0.517578125 0.5458984375 0.044921875 0.171875
0 0.3525390625 0.544921875 0.07421875 0.0703125
1 0.79296875 0.583984375 0.0625 0.16796875
1 0.509765625 0.5751953125 0.1171875 0.376953125
0 0.697265625 0.5869140625 0.1640625 0.09765625
1 0.6689453125 0.5947265625 0.041015625 0.044921875
0 0.7978515625 0.603515625 0.0234375 0.09765625
1 0.59375 0.6064453125 0.0546875 0.181640625
0 0.6943359375 0.6318359375 0.162109375 0.1015625
1 0.6669921875 0.6396484375 0.041015625 0.044921875
1 0.24609375 0.6357421875 0.111328125 0.08203125
1 0.353515625 0.64453125 0.076171875 0.060546875
0 0.6923828125 0.6728515625 0.16015625 0.10546875
1 0.658203125 0.6865234375 0.041015625 0.044921875
0 0.4375 0.6826171875 0.11328125 0.22265625
0 0.3564453125 0.7431640625 0.076171875 0.0703125
0 0.255859375 0.7626953125 0.1015625 0.087890625