1 0.4755859375 0.4140625 0.02734375 0.01171875
0 0.486328125 0.4228515625 0.091796875 0.0703125
1 0.4794921875 0.435546875 0.025390625 0.033203125
0 0.3662109375 0.45703125 0.18359375 0.123046875
0 0.671875 0.4306640625 0.015625 0.01953125
1 0.66796875 0.435546875 0.033203125 0.078125
0 0.4853515625 0.4541015625 0.087890625 0.06640625
0 0.658203125 0.4404296875 0.017578125 0.01953125
1 0.6552734375 0.4423828125 0.037109375 0.080078125
1 0.3427734375 0.4794921875 0.046875 0.046875
1 0.48046875 0.46484375 0.02734375 0.03125
0 0.373046875 0.50390625 0.17578125 0.123046875
1 0.353515625 0.52734375 0.044921875 0.04296875
1 0.408203125 0.6015625 0.025390625 0.033203125