0 0.318359375 0.43359375 0.181640625 0.103515625
0 0.537109375 0.4306640625 0.255859375 0.1328125
1 0.21875 0.4814453125 0.041015625 0.0546875
1 0.0703125 0.51171875 0.033203125 0.0234375
0 0.3349609375 0.5029296875 0.197265625 0.12109375
1 0.154296875 0.5244140625 0.1171875 0.044921875
0 0.1611328125 0.5283203125 0.068359375 0.0234375
0 0.2333984375 0.54296875 0.048828125 0.06640625
0 0.57421875 0.5107421875 0.3203125 0.171875
0 0.2822265625 0.5546875 0.05078125 0.056640625
1 0.3818359375 0.5771484375 0.271484375 0.171875
1 0.5625 0.5888671875 0.0859375 0.08984375