1 0.4580078125 0.3876953125 0.130859375 0.09765625
1 0.099609375 0.478515625 0.099609375 0.06640625
1 0.10546875 0.4951171875 0.103515625 0.09765625
1 0.69921875 0.3740234375 0.1015625 0.076171875
1 0.5869140625 0.3994140625 0.103515625 0.078125
1 0.8330078125 0.373046875 0.142578125 0.109375
0 0.2421875 0.5556640625 0.197265625 0.3046875
1 0.3623046875 0.52734375 0.189453125 0.302734375
0 0.4931640625 0.529296875 0.134765625 0.126953125
0 0.615234375 0.51953125 0.10546875 0.099609375
0 0.7255859375 0.494140625 0.107421875 0.103515625
0 0.8564453125 0.4921875 0.103515625 0.072265625