1 0.6376953125 0.369140625 0.046875 0.03125
0 0.359375 0.32421875 0.09375 0.078125
1 0.2529296875 0.33984375 0.1015625 0.07421875
0 0.501953125 0.408203125 0.0625 0.0546875
1 0.6533203125 0.455078125 0.05859375 0.138671875
1 0.345703125 0.3994140625 0.158203125 0.267578125
0 0.580078125 0.451171875 0.130859375 0.091796875
0 0.650390625 0.4677734375 0.02734375 0.080078125
1 0.556640625 0.4482421875 0.04296875 0.046875
0 0.5693359375 0.5009765625 0.138671875 0.11328125
1 0.541015625 0.5029296875 0.056640625 0.0625
1 0.8173828125 0.5673828125 0.048828125 0.05078125
0 0.412109375 0.4814453125 0.056640625 0.17578125
0 0.71875 0.55859375 0.037109375 0.01953125
0 0.2412109375 0.458984375 0.095703125 0.09375
1 0.65234375 0.5546875 0.08203125 0.166015625
1 0.40625 0.509765625 0.158203125 0.390625
1 0.7138671875 0.5751953125 0.076171875 0.037109375
0 0.568359375 0.546875 0.158203125 0.12109375
0 0.8564453125 0.607421875 0.041015625 0.02734375
0 0.6484375 0.5712890625 0.041015625 0.09375
1 0.5439453125 0.548828125 0.04296875 0.048828125
1 0.859375 0.6201171875 0.08203125 0.111328125
0 0.796875 0.6171875 0.056640625 0.060546875
1 0.474609375 0.552734375 0.07421875 0.181640625
0 0.5576171875 0.5859375 0.15625 0.126953125
1 0.5322265625 0.5927734375 0.04296875 0.048828125
0 0.546875 0.6279296875 0.154296875 0.12890625
1 0.224609375 0.5654296875 0.095703125 0.08203125
1 0.103515625 0.5419921875 0.14453125 0.1171875
1 0.515625 0.634765625 0.04296875 0.046875
0 0.30859375 0.611328125 0.142578125 0.24609375
0 0.208984375 0.666015625 0.09375 0.091796875
0 0.091796875 0.6826171875 0.1328125 0.12109375
1 0.4541015625 0.2568359375 0.072265625 0.12109375
0 0.52734375 0.2763671875 0.044921875 0.078125
0 0.396484375 0.2724609375 0.03515625 0.041015625
1 0.607421875 0.3212890625 0.029296875 0.01953125
0 0.568359375 0.3203125 0.0859375 0.216796875
1 0.146484375 0.2353515625 0.11328125 0.07421875