0 0.4921875 0.279296875 0.091796875 0.0625
1 0.453125 0.34375 0.119140625 0.072265625
0 0.5615234375 0.39453125 0.0546875 0.185546875
1 0.517578125 0.4140625 0.185546875 0.33984375
1 0.4658203125 0.4873046875 0.10546875 0.16015625
1 0.5673828125 0.578125 0.04296875 0.08203125
0 0.421875 0.634765625 0.16015625 0.25
0 0.4912109375 0.6435546875 0.16796875 0.248046875
1 0.47265625 0.6552734375 0.0625 0.04296875
0 0.400390625 0.708984375 0.20703125 0.25
0 0.3798828125 0.802734375 0.19140625 0.19921875