1 0.5478515625 0.4453125 0.072265625 0.052734375
1 0.6259765625 0.4541015625 0.068359375 0.05078125
1 0.2607421875 0.42578125 0.0625 0.044921875
1 0.40625 0.447265625 0.05859375 0.041015625
1 0.4697265625 0.45703125 0.05859375 0.041015625
1 0.173828125 0.4306640625 0.091796875 0.0625
0 0.5341796875 0.525390625 0.072265625 0.064453125
0 0.609375 0.53515625 0.0703125 0.064453125
0 0.3974609375 0.5166015625 0.0625 0.052734375
0 0.251953125 0.4990234375 0.064453125 0.056640625
0 0.4609375 0.5263671875 0.060546875 0.0546875
0 0.1650390625 0.50390625 0.0625 0.0390625
1 0.4892578125 0.712890625 0.076171875 0.052734375
1 0.40625 0.705078125 0.078125 0.05078125
0 0.4794921875 0.78125 0.056640625 0.03515625
0 0.3935546875 0.7724609375 0.056640625 0.037109375