1 0.40625 0.25 0.060546875 0.021484375
0 0.376953125 0.28515625 0.19140625 0.15625
1 0.3798828125 0.298828125 0.044921875 0.0703125
0 0.224609375 0.3623046875 0.015625 0.052734375
0 0.3408203125 0.3583984375 0.154296875 0.181640625
1 0.373046875 0.3681640625 0.056640625 0.08984375
1 0.2646484375 0.3837890625 0.05859375 0.0703125
0 0.6103515625 0.392578125 0.322265625 0.265625
1 0.6220703125 0.4033203125 0.10546875 0.12890625
0 0.5673828125 0.4814453125 0.3203125 0.302734375
1 0.580078125 0.49609375 0.095703125 0.126953125
0 0.46484375 0.6162109375 0.3125 0.353515625
1 0.7734375 0.5986328125 0.142578125 0.142578125
1 0.462890625 0.6416015625 0.087890625 0.138671875
0 0.654296875 0.6572265625 0.0859375 0.083984375