0 0.2880859375 0.255859375 0.044921875 0.046875
0 0.6748046875 0.388671875 0.125 0.16015625
1 0.5986328125 0.4189453125 0.037109375 0.033203125
1 0.7265625 0.41796875 0.13671875 0.1640625
0 0.7880859375 0.44921875 0.068359375 0.0625
0 0.69921875 0.46875 0.05078125 0.041015625
0 0.8515625 0.4853515625 0.052734375 0.052734375
1 0.7607421875 0.4990234375 0.06640625 0.056640625
1 0.8251953125 0.5244140625 0.05859375 0.044921875
1 0.4052734375 0.5849609375 0.0703125 0.0546875
0 0.37109375 0.66015625 0.212890625 0.234375
0 0.6064453125 0.6416015625 0.05078125 0.044921875
0 0.4189453125 0.671875 0.234375 0.251953125
1 0.5009765625 0.6962890625 0.28125 0.328125
0 0.4853515625 0.7109375 0.15625 0.173828125
1 0.5654296875 0.7333984375 0.11328125 0.13671875
1 0.68359375 0.7822265625 0.05859375 0.052734375
0 0.5986328125 0.8203125 0.19140625 0.244140625
0 0.65625 0.8564453125 0.185546875 0.244140625
1 0.275390625 0.2158203125 0.0390625 0.0390625