0 0.318359375 0.365234375 0.02734375 0.041015625
0 0.4716796875 0.34765625 0.09375 0.201171875
1 0.0947265625 0.41796875 0.1015625 0.060546875
1 0.5703125 0.36328125 0.046875 0.03515625
0 0.2998046875 0.419921875 0.083984375 0.06640625
1 0.212890625 0.46875 0.091796875 0.064453125
0 0.4541015625 0.4443359375 0.05859375 0.048828125
1 0.61328125 0.4287109375 0.04296875 0.12890625
0 0.6171875 0.4423828125 0.01953125 0.076171875
0 0.54296875 0.451171875 0.126953125 0.083984375
1 0.5224609375 0.4599609375 0.0390625 0.04296875
1 0.2919921875 0.4921875 0.171875 0.240234375
0 0.55078125 0.498046875 0.130859375 0.099609375
1 0.525390625 0.5107421875 0.052734375 0.05859375
1 0.8095703125 0.4755859375 0.046875 0.046875
0 0.396484375 0.5361328125 0.044921875 0.166015625
0 0.861328125 0.4814453125 0.03515625 0.0234375
0 0.72265625 0.501953125 0.037109375 0.017578125
1 0.6494140625 0.5146484375 0.060546875 0.154296875
0 0.2412109375 0.5712890625 0.083984375 0.078125
1 0.869140625 0.49609375 0.0703125 0.115234375
1 0.72265625 0.51953125 0.07421875 0.025390625
0 0.5654296875 0.5390625 0.154296875 0.109375
1 0.3994140625 0.5634765625 0.12890625 0.3671875
0 0.6513671875 0.5341796875 0.02734375 0.08984375
1 0.5439453125 0.5517578125 0.041015625 0.044921875
0 0.810546875 0.5263671875 0.052734375 0.05859375
1 0.478515625 0.5771484375 0.056640625 0.171875
0 0.568359375 0.578125 0.15234375 0.11328125
1 0.546875 0.5908203125 0.041015625 0.044921875
0 0.5732421875 0.6171875 0.1484375 0.11328125
1 0.2587890625 0.6669921875 0.08203125 0.0703125
1 0.1484375 0.6826171875 0.125 0.095703125
1 0.5478515625 0.6337890625 0.041015625 0.04296875
0 0.3486328125 0.6796875 0.123046875 0.22265625
0 0.27734375 0.755859375 0.08203125 0.076171875
0 0.1806640625 0.802734375 0.11328125 0.09765625
0 0.4326171875 0.3232421875 0.037109375 0.0703125
1 0.36328125 0.33203125 0.064453125 0.107421875
1 0.5234375 0.337890625 0.033203125 0.03515625