1 0.5322265625 0.44140625 0.134765625 0.099609375
1 0.8916015625 0.5517578125 0.08984375 0.060546875
0 0.658203125 0.5048828125 0.119140625 0.08984375
1 0.2607421875 0.41015625 0.1171875 0.083984375
1 0.390625 0.4443359375 0.111328125 0.080078125
1 0.119140625 0.4033203125 0.16015625 0.115234375
1 0.8564453125 0.6455078125 0.19140625 0.306640625
0 0.748046875 0.6201171875 0.193359375 0.3046875
1 0.6337890625 0.591796875 0.1953125 0.30859375
0 0.494140625 0.595703125 0.14453125 0.130859375
0 0.35546875 0.5791015625 0.115234375 0.109375
0 0.228515625 0.546875 0.125 0.11328125
0 0.0869140625 0.5341796875 0.111328125 0.078125