0 0.599609375 0.5654296875 0.31640625 0.15234375
1 0.5380859375 0.552734375 0.083984375 0.0703125
0 0.2626953125 0.48046875 0.283203125 0.154296875
1 0.1904296875 0.4638671875 0.091796875 0.07421875
1 0.6865234375 0.6552734375 0.2109375 0.111328125
0 0.25 0.5498046875 0.275390625 0.138671875
0 0.51953125 0.6240234375 0.06640625 0.08984375
1 0.1982421875 0.5400390625 0.0859375 0.068359375
0 0.267578125 0.60546875 0.33984375 0.1796875
1 0.203125 0.6025390625 0.08984375 0.0703125
0 0.6689453125 0.7451171875 0.21875 0.103515625
1 0.6064453125 0.7353515625 0.408203125 0.201171875
0 0.2529296875 0.6748046875 0.333984375 0.16015625
1 0.19140625 0.662109375 0.087890625 0.0703125