1 0.345703125 0.310546875 0.046875 0.029296875
1 0.326171875 0.345703125 0.0234375 0.048828125
0 0.376953125 0.36328125 0.146484375 0.150390625
0 0.724609375 0.3671875 0.123046875 0.138671875
1 0.654296875 0.3828125 0.029296875 0.029296875
1 0.326171875 0.384765625 0.0234375 0.048828125
1 0.755859375 0.396484375 0.1171875 0.140625
0 0.375 0.408203125 0.142578125 0.142578125
0 0.8046875 0.412109375 0.052734375 0.0625
0 0.724609375 0.4375 0.037109375 0.041015625
0 0.369140625 0.458984375 0.130859375 0.17578125
0 0.8515625 0.462890625 0.046875 0.056640625
1 0.33203125 0.46484375 0.0234375 0.046875
1 0.767578125 0.46875 0.05078125 0.056640625
0 0.359375 0.498046875 0.109375 0.173828125
1 0.4609375 0.501953125 0.0390625 0.06640625
1 0.8203125 0.5078125 0.048828125 0.048828125
0 0.546875 0.54296875 0.26171875 0.267578125
0 0.44921875 0.552734375 0.029296875 0.064453125
1 0.5625 0.654296875 0.15234375 0.18359375
1 0.556640625 0.697265625 0.3125 0.33984375
0 0.544921875 0.724609375 0.142578125 0.189453125
1 0.228515625 0.203125 0.048828125 0.021484375