0 0.3427734375 0.3349609375 0.0859375 0.052734375
1 0.400390625 0.3662109375 0.115234375 0.0703125
0 0.3759765625 0.4716796875 0.041015625 0.05859375
1 0.3701171875 0.474609375 0.17578125 0.357421875
0 0.349609375 0.541015625 0.041015625 0.16015625
1 0.392578125 0.56640625 0.041015625 0.12890625
1 0.4873046875 0.6064453125 0.060546875 0.08203125
0 0.4501953125 0.62109375 0.08984375 0.220703125
1 0.5517578125 0.642578125 0.072265625 0.095703125
0 0.5810546875 0.68359375 0.193359375 0.298828125
1 0.6142578125 0.73828125 0.060546875 0.07421875
0 0.6357421875 0.7646484375 0.181640625 0.25