1 0.3388671875 0.3125 0.033203125 0.037109375
0 0.34375 0.353515625 0.037109375 0.044921875
1 0.3583984375 0.447265625 0.109375 0.03515625
0 0.390625 0.466796875 0.271484375 0.169921875
0 0.6220703125 0.4853515625 0.08984375 0.0390625
0 0.68359375 0.5087890625 0.0859375 0.033203125
0 0.4140625 0.525390625 0.302734375 0.205078125
0 0.7158203125 0.576171875 0.01953125 0.06640625
1 0.58984375 0.5830078125 0.19921875 0.134765625
1 0.5029296875 0.591796875 0.361328125 0.298828125
1 0.638671875 0.642578125 0.10546875 0.134765625
0 0.3681640625 0.6474609375 0.0859375 0.12109375
1 0.4541015625 0.7021484375 0.083984375 0.12890625