1 0.578125 0.369140625 0.0390625 0.033203125
0 0.5107421875 0.4306640625 0.064453125 0.048828125
1 0.443359375 0.4462890625 0.052734375 0.044921875
0 0.544921875 0.4775390625 0.033203125 0.068359375
0 0.494140625 0.470703125 0.064453125 0.048828125
1 0.537109375 0.513671875 0.0703125 0.208984375
1 0.51171875 0.5126953125 0.044921875 0.08984375
1 0.3974609375 0.5302734375 0.048828125 0.048828125
0 0.439453125 0.556640625 0.060546875 0.048828125
1 0.4609375 0.591796875 0.04296875 0.0859375
0 0.4912109375 0.599609375 0.0390625 0.07421875
1 0.3427734375 0.5927734375 0.052734375 0.048828125
0 0.390625 0.6181640625 0.07421875 0.0625
0 0.4462890625 0.66015625 0.041015625 0.072265625
1 0.4111328125 0.6552734375 0.048828125 0.095703125
0 0.3271484375 0.6845703125 0.05859375 0.056640625
0 0.3994140625 0.73046875 0.04296875 0.0859375
1 0.2685546875 0.7265625 0.0703125 0.083984375
1 0.337890625 0.7666015625 0.08984375 0.1640625
1 0.25390625 0.794921875 0.080078125 0.060546875
0 0.3330078125 0.8359375 0.0546875 0.091796875