1 0.4091796875 0.3388671875 0.03125 0.03515625
0 0.4033203125 0.373046875 0.037109375 0.041015625
1 0.1728515625 0.3466796875 0.044921875 0.029296875
0 0.6796875 0.4853515625 0.119140625 0.15625
1 0.2705078125 0.390625 0.041015625 0.0546875
0 0.7705078125 0.5107421875 0.0703125 0.06640625
0 0.32421875 0.4169921875 0.1875 0.15234375
1 0.7109375 0.5068359375 0.107421875 0.162109375
0 0.830078125 0.5556640625 0.0625 0.05859375
1 0.609375 0.5048828125 0.033203125 0.02734375
1 0.2724609375 0.453125 0.041015625 0.052734375
0 0.689453125 0.5498046875 0.048828125 0.04296875
0 0.3154296875 0.4755859375 0.177734375 0.140625
1 0.740234375 0.5771484375 0.06640625 0.05859375
1 0.4345703125 0.521484375 0.072265625 0.080078125
1 0.802734375 0.6142578125 0.060546875 0.052734375
1 0.2724609375 0.50390625 0.04296875 0.0546875
0 0.5361328125 0.568359375 0.380859375 0.271484375
0 0.318359375 0.5380859375 0.208984375 0.173828125
1 0.26953125 0.55078125 0.041015625 0.0546875
0 0.421875 0.595703125 0.052734375 0.091796875
0 0.3154296875 0.5859375 0.2109375 0.18359375
1 0.5771484375 0.7041015625 0.26953125 0.21484375
1 0.5517578125 0.796875 0.509765625 0.40625
0 0.5517578125 0.814453125 0.27734375 0.23828125
0 0.7216796875 0.919921875 0.078125 0.12890625