1 0.3662109375 0.2958984375 0.048828125 0.033203125
1 0.3427734375 0.328125 0.029296875 0.05078125
0 0.3916015625 0.3515625 0.162109375 0.1640625
0 0.7373046875 0.3916015625 0.13671875 0.150390625
1 0.666015625 0.3994140625 0.03125 0.03125
1 0.3388671875 0.3671875 0.029296875 0.05078125
1 0.765625 0.423828125 0.130859375 0.15234375
0 0.3857421875 0.3955078125 0.15625 0.15625
0 0.8125 0.4443359375 0.05859375 0.068359375
0 0.7294921875 0.4609375 0.041015625 0.044921875
0 0.3740234375 0.4453125 0.1484375 0.189453125
0 0.853515625 0.5 0.052734375 0.060546875
1 0.3369140625 0.447265625 0.02734375 0.048828125
1 0.76953125 0.4970703125 0.056640625 0.0625
0 0.3603515625 0.4833984375 0.126953125 0.18359375
1 0.4609375 0.498046875 0.044921875 0.0703125
1 0.8173828125 0.541015625 0.052734375 0.052734375
0 0.5419921875 0.5478515625 0.2890625 0.29296875
0 0.4443359375 0.546875 0.03515625 0.06640625
1 0.5458984375 0.66015625 0.169921875 0.19921875
1 0.5361328125 0.7021484375 0.345703125 0.37109375
0 0.521484375 0.728515625 0.162109375 0.203125
1 0.2607421875 0.1767578125 0.05078125 0.02734375