1 0.666015625 0.392578125 0.072265625 0.037109375
1 0.5810546875 0.4052734375 0.072265625 0.037109375
1 0.501953125 0.4228515625 0.05859375 0.03125
1 0.4326171875 0.435546875 0.05859375 0.03125
1 0.28515625 0.4638671875 0.060546875 0.033203125
1 0.20703125 0.48828125 0.0859375 0.04296875
0 0.5087890625 0.4794921875 0.060546875 0.041015625
0 0.6640625 0.4599609375 0.072265625 0.05078125
0 0.44140625 0.4892578125 0.060546875 0.041015625
0 0.5830078125 0.4716796875 0.072265625 0.048828125
0 0.2978515625 0.5185546875 0.060546875 0.04296875
0 0.2197265625 0.5419921875 0.056640625 0.02734375
1 0.572265625 0.611328125 0.072265625 0.037109375
1 0.490234375 0.625 0.072265625 0.037109375
0 0.5732421875 0.66015625 0.048828125 0.025390625
0 0.4931640625 0.671875 0.048828125 0.0234375