1 0.09765625 0.2822265625 0.068359375 0.0390625
1 0.517578125 0.3544921875 0.0390625 0.03125
0 0.46484375 0.34765625 0.080078125 0.177734375
0 0.255859375 0.3427734375 0.078125 0.052734375
1 0.5693359375 0.3984375 0.0625 0.033203125
1 0.171875 0.34765625 0.0703125 0.044921875
0 0.3994140625 0.4130859375 0.064453125 0.044921875
1 0.2490234375 0.3974609375 0.1171875 0.185546875
0 0.5078125 0.4638671875 0.1640625 0.068359375
1 0.474609375 0.4580078125 0.048828125 0.0390625
1 0.603515625 0.48046875 0.0625 0.12890625
0 0.603515625 0.4931640625 0.02734375 0.076171875
0 0.1650390625 0.4287109375 0.0703125 0.0625
0 0.638671875 0.51171875 0.033203125 0.0078125
0 0.3193359375 0.4697265625 0.052734375 0.142578125
0 0.5009765625 0.5078125 0.171875 0.083984375
1 0.4619140625 0.50390625 0.064453125 0.052734375
1 0.3154296875 0.4921875 0.123046875 0.310546875
1 0.0712890625 0.4755859375 0.08984375 0.0546875
0 0.5107421875 0.5546875 0.203125 0.0859375
1 0.4716796875 0.55078125 0.052734375 0.04296875
1 0.38671875 0.541015625 0.064453125 0.154296875
1 0.626953125 0.5830078125 0.08984375 0.158203125
1 0.15625 0.5087890625 0.068359375 0.04296875
1 0.8193359375 0.6181640625 0.0546875 0.056640625
0 0.7177734375 0.607421875 0.041015625 0.01953125
0 0.884765625 0.6416015625 0.041015625 0.025390625
0 0.6279296875 0.60546875 0.0390625 0.09375
1 0.7158203125 0.625 0.08203125 0.041015625
0 0.5029296875 0.59375 0.203125 0.0859375
1 0.4658203125 0.591796875 0.052734375 0.04296875
1 0.8818359375 0.6591796875 0.109375 0.154296875
0 0.2314453125 0.560546875 0.107421875 0.173828125
0 0.8046875 0.6748046875 0.064453125 0.0703125
0 0.4951171875 0.6318359375 0.19921875 0.087890625
1 0.4541015625 0.62890625 0.052734375 0.04296875
0 0.064453125 0.5673828125 0.087890625 0.0703125
0 0.1484375 0.5849609375 0.068359375 0.056640625
1 0.3369140625 0.2939453125 0.05859375 0.087890625
0 0.4130859375 0.310546875 0.0390625 0.060546875