0 0.748046875 0.3388671875 0.05859375 0.0390625
0 0.7236328125 0.3916015625 0.080078125 0.103515625
1 0.46875 0.3505859375 0.033203125 0.033203125
1 0.7529296875 0.41796875 0.185546875 0.21484375
1 0.703125 0.4365234375 0.0703125 0.09765625
0 0.8154296875 0.5048828125 0.173828125 0.216796875
0 0.7353515625 0.49609375 0.03125 0.046875
0 0.4736328125 0.44140625 0.060546875 0.056640625
0 0.4560546875 0.4462890625 0.1171875 0.171875
0 0.8193359375 0.533203125 0.15625 0.212890625
0 0.5244140625 0.4892578125 0.044921875 0.041015625
1 0.7666015625 0.544921875 0.03515625 0.04296875
1 0.47265625 0.4873046875 0.0390625 0.0390625
0 0.8212890625 0.568359375 0.1328125 0.203125
1 0.4638671875 0.4931640625 0.119140625 0.1796875
1 0.78125 0.5771484375 0.037109375 0.04296875
1 0.4501953125 0.5068359375 0.03515625 0.080078125
0 0.82421875 0.61328125 0.099609375 0.16796875
1 0.798828125 0.611328125 0.0390625 0.044921875
0 0.51953125 0.5810546875 0.04296875 0.04296875
1 0.8154296875 0.6533203125 0.0390625 0.044921875
1 0.4765625 0.5771484375 0.033203125 0.0390625
0 0.4365234375 0.5673828125 0.03125 0.07421875
1 0.455078125 0.58984375 0.033203125 0.0703125
0 0.8203125 0.6865234375 0.06640625 0.1171875
1 0.82421875 0.703125 0.0390625 0.048828125
0 0.533203125 0.6435546875 0.044921875 0.044921875
1 0.486328125 0.6455078125 0.037109375 0.041015625
0 0.44140625 0.640625 0.025390625 0.05859375
1 0.462890625 0.66015625 0.037109375 0.078125
0 0.501953125 0.716796875 0.048828125 0.044921875
0 0.4462890625 0.7060546875 0.033203125 0.072265625
1 0.49609375 0.76953125 0.04296875 0.0625
1 0.46875 0.767578125 0.0625 0.12109375
0 0.451171875 0.8056640625 0.03515625 0.068359375
1 0.6484375 0.1953125 0.033203125 0.0390625
0 0.63671875 0.23046875 0.03515625 0.044921875