0 0.2861328125 0.4404296875 0.091796875 0.2265625
0 0.3642578125 0.44140625 0.0625 0.166015625
0 0.333984375 0.4453125 0.048828125 0.173828125
0 0.248046875 0.453125 0.103515625 0.23828125
0 0.2080078125 0.4638671875 0.109375 0.25
1 0.33984375 0.4814453125 0.029296875 0.044921875
1 0.1669921875 0.49609375 0.091796875 0.111328125
1 0.3095703125 0.48828125 0.033203125 0.05078125
1 0.3720703125 0.4873046875 0.029296875 0.044921875
1 0.2724609375 0.5 0.037109375 0.052734375
1 0.2353515625 0.5185546875 0.041015625 0.0546875
0 0.6171875 0.51953125 0.119140625 0.20703125
0 0.5439453125 0.5419921875 0.064453125 0.07421875
1 0.5791015625 0.5390625 0.103515625 0.21484375
0 0.154296875 0.5751953125 0.04296875 0.064453125
1 0.6708984375 0.560546875 0.03515625 0.037109375
0 0.4697265625 0.603515625 0.05859375 0.0703125
0 0.3916015625 0.634765625 0.0703125 0.0703125
1 0.5439453125 0.6455078125 0.05859375 0.072265625
0 0.28125 0.697265625 0.091796875 0.064453125
1 0.474609375 0.693359375 0.05859375 0.06640625
1 0.4033203125 0.740234375 0.0703125 0.078125
1 0.2939453125 0.7998046875 0.125 0.125