1 0.6796875 0.4169921875 0.068359375 0.03125
1 0.5927734375 0.41796875 0.068359375 0.03125
1 0.5126953125 0.423828125 0.056640625 0.02734375
1 0.4423828125 0.4267578125 0.056640625 0.02734375
1 0.2919921875 0.43359375 0.05859375 0.02734375
1 0.2119140625 0.4482421875 0.08203125 0.03515625
0 0.51171875 0.48046875 0.056640625 0.037109375
0 0.66796875 0.4833984375 0.068359375 0.044921875
0 0.443359375 0.4814453125 0.056640625 0.037109375
0 0.5859375 0.484375 0.068359375 0.04296875
0 0.296875 0.490234375 0.056640625 0.0390625
0 0.216796875 0.5029296875 0.0546875 0.021484375
1 0.556640625 0.6201171875 0.068359375 0.03125
1 0.47265625 0.623046875 0.068359375 0.03125
0 0.5498046875 0.6689453125 0.046875 0.01953125
0 0.4697265625 0.6689453125 0.046875 0.017578125