0 0.115234375 0.4384765625 0.0703125 0.064453125
0 0.2705078125 0.4169921875 0.064453125 0.150390625
0 0.4716796875 0.3759765625 0.193359375 0.103515625
1 0.4296875 0.3876953125 0.076171875 0.0625
1 0.8505859375 0.29296875 0.06640625 0.072265625
0 0.935546875 0.27734375 0.0546875 0.03515625
1 0.283203125 0.4462890625 0.169921875 0.337890625
1 0.93359375 0.3017578125 0.09765625 0.16015625
1 0.046875 0.5185546875 0.087890625 0.0625
0 0.5068359375 0.41796875 0.236328125 0.111328125
1 0.4638671875 0.4296875 0.0625 0.052734375
0 0.75390625 0.365234375 0.048828125 0.02734375
1 0.369140625 0.4560546875 0.09375 0.173828125
1 0.1376953125 0.517578125 0.0703125 0.05078125
1 0.65234375 0.40234375 0.115234375 0.181640625
1 0.76171875 0.3857421875 0.103515625 0.056640625
0 0.876953125 0.36328125 0.080078125 0.091796875
0 0.6640625 0.419921875 0.05078125 0.11328125
0 0.521484375 0.4609375 0.236328125 0.11328125
1 0.4814453125 0.47265625 0.0625 0.052734375
0 0.23046875 0.5400390625 0.1328125 0.1953125
0 0.07421875 0.6103515625 0.091796875 0.078125
0 0.53515625 0.505859375 0.240234375 0.119140625
0 0.1611328125 0.5947265625 0.076171875 0.06640625
1 0.48828125 0.5185546875 0.0625 0.0546875
0 0.2890625 0.2294921875 0.044921875 0.060546875
1 0.2158203125 0.2490234375 0.06640625 0.087890625
1 0.4072265625 0.2265625 0.044921875 0.03515625
0 0.3583984375 0.244140625 0.1015625 0.177734375
1 0.01953125 0.3359375 0.0390625 0.0390625
1 0.4814453125 0.24609375 0.0703125 0.041015625
0 0.16015625 0.322265625 0.078125 0.056640625
1 0.0888671875 0.3623046875 0.068359375 0.048828125
0 0.32421875 0.328125 0.0703125 0.05078125
1 0.1806640625 0.376953125 0.134765625 0.19140625
0 0.4560546875 0.328125 0.189453125 0.08984375
1 0.4189453125 0.33984375 0.056640625 0.04296875
1 0.56640625 0.30859375 0.08203125 0.142578125
0 0.568359375 0.318359375 0.0390625 0.083984375