1 0.3974609375 0.5263671875 0.072265625 0.01953125
0 0.3447265625 0.5205078125 0.0234375 0.01953125
1 0.5439453125 0.5634765625 0.064453125 0.017578125
0 0.5 0.55859375 0.01953125 0.01953125
1 0.345703125 0.552734375 0.080078125 0.021484375
0 0.4013671875 0.55859375 0.0234375 0.021484375
0 0.552734375 0.59375 0.01953125 0.01953125
1 0.505859375 0.5927734375 0.0703125 0.01953125
0 0.2998046875 0.5888671875 0.03515625 0.048828125
1 0.3798828125 0.599609375 0.10546875 0.03515625
1 0.5478515625 0.626953125 0.078125 0.021484375
0 0.4970703125 0.625 0.0234375 0.025390625
1 0.541015625 0.6669921875 0.103515625 0.03125
1 0.3740234375 0.6513671875 0.1015625 0.033203125
0 0.294921875 0.6435546875 0.033203125 0.044921875
0 0.4609375 0.6630859375 0.03125 0.04296875