0 0.2861328125 0.5751953125 0.091796875 0.1953125
0 0.3525390625 0.568359375 0.060546875 0.140625
0 0.263671875 0.5859375 0.08203125 0.201171875
0 0.326171875 0.5751953125 0.05859375 0.150390625
0 0.220703125 0.599609375 0.1015625 0.208984375
1 0.3310546875 0.6025390625 0.02734375 0.041015625
1 0.3046875 0.609375 0.033203125 0.046875
1 0.275390625 0.623046875 0.03515625 0.048828125
1 0.357421875 0.607421875 0.029296875 0.041015625
1 0.244140625 0.6396484375 0.037109375 0.05078125
0 0.71484375 0.5634765625 0.02734375 0.033203125
0 0.6845703125 0.587890625 0.033203125 0.048828125
0 0.185546875 0.6923828125 0.04296875 0.0625
0 0.609375 0.6220703125 0.05859375 0.072265625
0 0.6533203125 0.615234375 0.041015625 0.05859375
1 0.720703125 0.6298828125 0.04296875 0.060546875
1 0.693359375 0.6630859375 0.03515625 0.048828125
1 0.5390625 0.708984375 0.171875 0.26953125
1 0.6630859375 0.693359375 0.041015625 0.056640625
1 0.623046875 0.724609375 0.05859375 0.076171875
0 0.4833984375 0.751953125 0.18359375 0.3046875
0 0.5771484375 0.775390625 0.0625 0.07421875
1 0.4716796875 0.8974609375 0.107421875 0.09375