1 0.5634765625 0.3876953125 0.064453125 0.01953125
0 0.61328125 0.3974609375 0.080078125 0.025390625
1 0.81640625 0.38671875 0.046875 0.041015625
0 0.478515625 0.451171875 0.06640625 0.01953125
0 0.703125 0.439453125 0.064453125 0.064453125
1 0.517578125 0.46484375 0.05859375 0.021484375
1 0.6357421875 0.4501953125 0.087890625 0.08203125
0 0.3955078125 0.4814453125 0.07421875 0.021484375
1 0.4267578125 0.4990234375 0.0703125 0.03125
0 0.7373046875 0.478515625 0.162109375 0.244140625
0 0.2998046875 0.5322265625 0.064453125 0.029296875
1 0.21484375 0.548828125 0.091796875 0.03125
1 0.53515625 0.513671875 0.083984375 0.07421875
1 0.6953125 0.501953125 0.138671875 0.2578125
1 0.4375 0.552734375 0.099609375 0.083984375
1 0.28125 0.623046875 0.16796875 0.126953125
0 0.6376953125 0.5830078125 0.0859375 0.08984375
0 0.5439453125 0.6328125 0.076171875 0.080078125
0 0.453125 0.6767578125 0.095703125 0.091796875
0 0.3056640625 0.74609375 0.109375 0.068359375