0 0.2744140625 0.529296875 0.060546875 0.1875
0 0.3408203125 0.5361328125 0.037109375 0.13671875
0 0.2509765625 0.53515625 0.048828125 0.1953125
0 0.3134765625 0.5380859375 0.033203125 0.146484375
0 0.2060546875 0.5400390625 0.068359375 0.203125
1 0.3134765625 0.5654296875 0.021484375 0.037109375
1 0.2861328125 0.56640625 0.025390625 0.04296875
1 0.2548828125 0.57421875 0.02734375 0.044921875
1 0.3388671875 0.5751953125 0.0234375 0.037109375
1 0.220703125 0.5830078125 0.029296875 0.046875
0 0.697265625 0.607421875 0.021484375 0.029296875
0 0.662109375 0.6240234375 0.025390625 0.044921875
0 0.15234375 0.623046875 0.03515625 0.056640625
0 0.5810546875 0.6416015625 0.048828125 0.064453125
0 0.6259765625 0.64453125 0.03125 0.052734375
1 0.6884765625 0.6728515625 0.033203125 0.0546875
1 0.654296875 0.7001953125 0.02734375 0.044921875
1 0.494140625 0.712890625 0.130859375 0.251953125
1 0.619140625 0.72265625 0.03125 0.05078125
1 0.57421875 0.7451171875 0.048828125 0.068359375
0 0.431640625 0.7431640625 0.13671875 0.287109375
0 0.5185546875 0.78515625 0.052734375 0.06640625
1 0.3896484375 0.8828125 0.095703125 0.080078125