0 0.521484375 0.4404296875 0.248046875 0.1953125
1 0.4091796875 0.4765625 0.048828125 0.041015625
1 0.5859375 0.4580078125 0.072265625 0.07421875
0 0.4853515625 0.4736328125 0.296875 0.2421875
0 0.4375 0.5400390625 0.20703125 0.1640625
1 0.48828125 0.57421875 0.388671875 0.31640625
1 0.4111328125 0.625 0.1640625 0.130859375
0 0.3369140625 0.6845703125 0.259765625 0.2265625
0 0.5322265625 0.671875 0.060546875 0.06640625
0 0.29296875 0.751953125 0.2734375 0.23828125
1 0.3662109375 0.7734375 0.068359375 0.078125
0 0.8681640625 0.8427734375 0.0546875 0.080078125