0 0.3330078125 0.3828125 0.072265625 0.177734375
1 0.734375 0.3544921875 0.02734375 0.0703125
1 0.6953125 0.359375 0.025390625 0.072265625
1 0.775390625 0.3525390625 0.02734375 0.072265625
0 0.6533203125 0.365234375 0.01953125 0.068359375
0 0.431640625 0.392578125 0.0546875 0.138671875
1 0.65234375 0.376953125 0.060546875 0.119140625
0 0.2978515625 0.408203125 0.060546875 0.140625
0 0.400390625 0.4111328125 0.044921875 0.107421875
0 0.267578125 0.423828125 0.048828125 0.111328125
0 0.373046875 0.4169921875 0.037109375 0.1015625
0 0.2412109375 0.4306640625 0.0390625 0.1015625
1 0.34375 0.4375 0.037109375 0.046875
1 0.4345703125 0.4296875 0.03515625 0.04296875
1 0.2451171875 0.4541015625 0.021484375 0.02734375
1 0.2724609375 0.451171875 0.03125 0.0390625
1 0.376953125 0.4423828125 0.021484375 0.029296875
0 0.314453125 0.5771484375 0.02734375 0.0234375
0 0.341796875 0.576171875 0.0234375 0.0234375
1 0.3486328125 0.580078125 0.044921875 0.107421875
1 0.3154296875 0.5849609375 0.044921875 0.109375
1 0.662109375 0.689453125 0.033203125 0.015625
1 0.6982421875 0.6865234375 0.03515625 0.015625
1 0.626953125 0.6962890625 0.03125 0.015625
1 0.666015625 0.734375 0.017578125 0.046875
0 0.5576171875 0.751953125 0.02734375 0.025390625
0 0.5185546875 0.7548828125 0.0234375 0.02734375
0 0.4892578125 0.759765625 0.02734375 0.025390625
1 0.5556640625 0.755859375 0.04296875 0.11328125
1 0.5244140625 0.7587890625 0.04296875 0.11328125
1 0.4892578125 0.763671875 0.04296875 0.11328125
1 0.708984375 0.75390625 0.025390625 0.0625
1 0.6328125 0.7646484375 0.0234375 0.060546875
1 0.59375 0.7685546875 0.0234375 0.060546875