1 0.5458984375 0.443359375 0.0703125 0.05078125
1 0.6240234375 0.4501953125 0.068359375 0.048828125
1 0.2587890625 0.43359375 0.0625 0.04296875
1 0.404296875 0.4501953125 0.056640625 0.0390625
1 0.46875 0.4580078125 0.056640625 0.0390625
1 0.171875 0.44140625 0.08984375 0.060546875
0 0.53515625 0.5244140625 0.0703125 0.0625
0 0.611328125 0.53125 0.068359375 0.0625
0 0.3984375 0.5205078125 0.060546875 0.05078125
0 0.251953125 0.5078125 0.0625 0.056640625
0 0.4619140625 0.5283203125 0.05859375 0.052734375
0 0.1650390625 0.515625 0.060546875 0.037109375
1 0.4970703125 0.7138671875 0.07421875 0.05078125
1 0.4130859375 0.7080078125 0.078125 0.048828125
0 0.4892578125 0.78125 0.0546875 0.033203125
0 0.4033203125 0.775390625 0.0546875 0.03515625