0 0.7421875 0.330078125 0.05859375 0.037109375
0 0.7197265625 0.3837890625 0.076171875 0.1015625
1 0.462890625 0.3515625 0.03125 0.03125
1 0.75 0.4091796875 0.1796875 0.212890625
1 0.701171875 0.4296875 0.068359375 0.095703125
0 0.8154296875 0.494140625 0.16796875 0.212890625
0 0.7353515625 0.48828125 0.029296875 0.046875
0 0.4716796875 0.4423828125 0.05859375 0.056640625
0 0.4541015625 0.447265625 0.111328125 0.169921875
0 0.8203125 0.5224609375 0.150390625 0.208984375
0 0.5244140625 0.48828125 0.044921875 0.041015625
1 0.767578125 0.5361328125 0.033203125 0.041015625
1 0.47265625 0.48828125 0.0390625 0.0390625
0 0.8232421875 0.556640625 0.126953125 0.201171875
1 0.462890625 0.4951171875 0.11328125 0.177734375
1 0.783203125 0.5673828125 0.03515625 0.04296875
1 0.4501953125 0.5087890625 0.03125 0.080078125
0 0.828125 0.6015625 0.095703125 0.166015625
1 0.802734375 0.6005859375 0.0390625 0.044921875
0 0.5224609375 0.580078125 0.041015625 0.041015625
1 0.8203125 0.6416015625 0.0390625 0.044921875
1 0.478515625 0.5771484375 0.033203125 0.037109375
0 0.4384765625 0.5693359375 0.029296875 0.07421875
1 0.4580078125 0.591796875 0.03125 0.0703125
0 0.826171875 0.6748046875 0.0625 0.115234375
1 0.8310546875 0.69140625 0.037109375 0.046875
0 0.5380859375 0.642578125 0.04296875 0.04296875
1 0.4912109375 0.6455078125 0.03515625 0.041015625
0 0.4462890625 0.642578125 0.0234375 0.05859375
1 0.46875 0.6611328125 0.03515625 0.078125
0 0.509765625 0.716796875 0.046875 0.044921875
0 0.4541015625 0.7080078125 0.03125 0.072265625
1 0.5048828125 0.76953125 0.041015625 0.0625
1 0.4775390625 0.7685546875 0.05859375 0.12109375
0 0.4619140625 0.806640625 0.033203125 0.06640625
1 0.6376953125 0.1904296875 0.03125 0.0390625
0 0.626953125 0.2265625 0.03515625 0.04296875