0 0.6484375 0.4853515625 0.087890625 0.06640625
1 0.6796875 0.498046875 0.1875 0.1484375
0 0.779296875 0.5478515625 0.142578125 0.216796875
0 0.8076171875 0.5673828125 0.1484375 0.224609375
0 0.63671875 0.53515625 0.083984375 0.06640625
1 0.66015625 0.5439453125 0.173828125 0.150390625
0 0.82421875 0.5830078125 0.125 0.2265625
0 0.42578125 0.5 0.025390625 0.03515625
1 0.7421875 0.58984375 0.037109375 0.044921875
0 0.8369140625 0.6171875 0.080078125 0.177734375
0 0.4462890625 0.5341796875 0.03125 0.05859375
1 0.7724609375 0.607421875 0.041015625 0.048828125
1 0.8037109375 0.630859375 0.04296875 0.048828125
1 0.4130859375 0.5595703125 0.037109375 0.064453125
0 0.4599609375 0.5751953125 0.03125 0.064453125
1 0.8330078125 0.6630859375 0.041015625 0.04296875
0 0.482421875 0.6005859375 0.052734375 0.091796875
1 0.4326171875 0.599609375 0.029296875 0.05078125
1 0.4462890625 0.638671875 0.03125 0.0546875
1 0.5556640625 0.6875 0.1796875 0.25390625
1 0.462890625 0.681640625 0.048828125 0.08203125
0 0.5908203125 0.7568359375 0.21875 0.302734375
1 0.5556640625 0.8974609375 0.060546875 0.0859375