0 0.5615234375 0.287109375 0.09765625 0.072265625
1 0.50390625 0.3369140625 0.125 0.0859375
0 0.5908203125 0.4189453125 0.080078125 0.1875
1 0.5439453125 0.423828125 0.228515625 0.35546875
1 0.470703125 0.4775390625 0.123046875 0.169921875
1 0.5400390625 0.595703125 0.052734375 0.0859375
0 0.3837890625 0.603515625 0.19140625 0.263671875
0 0.447265625 0.6337890625 0.197265625 0.263671875
1 0.42578125 0.6396484375 0.06640625 0.048828125
0 0.3408203125 0.66796875 0.236328125 0.271484375
0 0.2919921875 0.7509765625 0.212890625 0.220703125