1 0.7421875 0.5390625 0.029296875 0.06640625
1 0.7177734375 0.5341796875 0.03125 0.0703125
1 0.689453125 0.5302734375 0.03125 0.072265625
0 0.65625 0.52734375 0.02734375 0.072265625
1 0.6552734375 0.5400390625 0.06640625 0.130859375
0 0.33203125 0.470703125 0.15625 0.267578125
0 0.4404296875 0.5107421875 0.10546875 0.193359375
0 0.4013671875 0.5224609375 0.095703125 0.15625
0 0.2734375 0.4921875 0.12890625 0.220703125
0 0.3759765625 0.525390625 0.07421875 0.146484375
1 0.4404296875 0.5546875 0.048828125 0.0625
0 0.216796875 0.5068359375 0.119140625 0.18359375
1 0.3291015625 0.54296875 0.060546875 0.07421875
0 0.1748046875 0.505859375 0.10546875 0.169921875
1 0.3671875 0.5576171875 0.033203125 0.04296875
1 0.21875 0.5458984375 0.060546875 0.0703125
0 0.2451171875 0.724609375 0.04296875 0.0390625
1 0.248046875 0.7314453125 0.09375 0.162109375
0 0.205078125 0.724609375 0.04296875 0.044921875
1 0.1962890625 0.736328125 0.099609375 0.173828125
0 0.5986328125 0.8798828125 0.02734375 0.02734375
0 0.5361328125 0.90234375 0.033203125 0.029296875
1 0.5595703125 0.91015625 0.0234375 0.05078125
1 0.5888671875 0.921875 0.029296875 0.064453125
0 0.4990234375 0.91015625 0.03515625 0.029296875
0 0.552734375 0.9365234375 0.021484375 0.01953125
1 0.5244140625 0.9453125 0.033203125 0.068359375
1 0.4482421875 0.9365234375 0.072265625 0.126953125
0 0.45703125 0.94140625 0.029296875 0.033203125
1 0.4892578125 0.9541015625 0.033203125 0.0703125
1 0.4189453125 0.939453125 0.068359375 0.115234375
1 0.3798828125 0.939453125 0.06640625 0.09765625
0 0.4150390625 0.9521484375 0.03515625 0.029296875
0 0.3818359375 0.9638671875 0.03515625 0.03515625