0 0.544921875 0.3564453125 0.080078125 0.0703125
0 0.74609375 0.3076171875 0.056640625 0.0390625
0 0.677734375 0.3310546875 0.0625 0.0546875
0 0.4072265625 0.40234375 0.1171875 0.17578125
0 0.6142578125 0.3505859375 0.0625 0.056640625
1 0.474609375 0.3896484375 0.115234375 0.181640625
1 0.36328125 0.4775390625 0.05078125 0.03125
0 0.48828125 0.4462890625 0.0625 0.04296875
0 0.56640625 0.564453125 0.068359375 0.041015625
1 0.30859375 0.7109375 0.103515625 0.09765625
1 0.7578125 0.61328125 0.076171875 0.07421875
1 0.61328125 0.6552734375 0.103515625 0.15625
0 0.5234375 0.7138671875 0.1015625 0.21875
0 0.3896484375 0.7587890625 0.240234375 0.376953125
1 0.509765625 0.7314453125 0.2421875 0.447265625
0 0.8203125 0.7021484375 0.244140625 0.322265625
0 0.7373046875 0.7265625 0.21484375 0.32421875
0 0.3095703125 0.8212890625 0.240234375 0.357421875
1 0.6826171875 0.8671875 0.10546875 0.080078125
0 0.5546875 0.9033203125 0.123046875 0.08984375
0 0.4423828125 0.9453125 0.140625 0.095703125