1 0.3564453125 0.390625 0.033203125 0.041015625
0 0.4072265625 0.3935546875 0.154296875 0.12109375
1 0.3642578125 0.43359375 0.033203125 0.0390625
1 0.494140625 0.4150390625 0.01953125 0.013671875
1 0.4716796875 0.421875 0.029296875 0.01953125
0 0.4150390625 0.435546875 0.154296875 0.119140625
1 0.462890625 0.4423828125 0.029296875 0.03515625
0 0.5224609375 0.4306640625 0.103515625 0.083984375
0 0.501953125 0.439453125 0.123046875 0.1015625
1 0.4736328125 0.4736328125 0.03515625 0.041015625
0 0.5107421875 0.4775390625 0.119140625 0.095703125
1 0.4150390625 0.53125 0.021484375 0.033203125