0 0.5654296875 0.48046875 0.234375 0.150390625
1 0.56640625 0.490234375 0.056640625 0.064453125
1 0.6318359375 0.54296875 0.109375 0.09375
0 0.3037109375 0.4716796875 0.33984375 0.236328125
1 0.2626953125 0.474609375 0.11328125 0.107421875
0 0.541015625 0.5546875 0.046875 0.083984375
1 0.4677734375 0.5400390625 0.060546875 0.078125
0 0.6142578125 0.607421875 0.11328125 0.087890625
0 0.28515625 0.552734375 0.3359375 0.220703125
1 0.5673828125 0.6259765625 0.23828125 0.203125
1 0.2705078125 0.5634765625 0.1015625 0.09375
0 0.2900390625 0.615234375 0.390625 0.275390625
1 0.2744140625 0.630859375 0.09765625 0.095703125
0 0.275390625 0.681640625 0.384765625 0.279296875
1 0.2578125 0.697265625 0.09765625 0.09765625