0 0.6630859375 0.416015625 0.029296875 0.01171875
1 0.63671875 0.4326171875 0.03125 0.0390625
1 0.66796875 0.435546875 0.03125 0.03125
0 0.66015625 0.484375 0.029296875 0.029296875
1 0.3798828125 0.52734375 0.03125 0.017578125
1 0.3017578125 0.5361328125 0.033203125 0.021484375
0 0.3505859375 0.5341796875 0.025390625 0.015625
0 0.2685546875 0.541015625 0.025390625 0.017578125
0 0.322265625 0.546875 0.025390625 0.015625
1 0.40625 0.5458984375 0.03125 0.01953125
1 0.2890625 0.5546875 0.03515625 0.01953125
0 0.375 0.5537109375 0.025390625 0.017578125
0 0.34375 0.568359375 0.025390625 0.017578125
1 0.4033203125 0.576171875 0.052734375 0.046875
1 0.337890625 0.60546875 0.060546875 0.05078125
0 0.40234375 0.619140625 0.03515625 0.0234375
0 0.3427734375 0.650390625 0.041015625 0.03125