1 0.6015625 0.33984375 0.04296875 0.025390625
0 0.3212890625 0.36328125 0.083984375 0.064453125
1 0.220703125 0.404296875 0.09375 0.060546875
0 0.4794921875 0.4111328125 0.056640625 0.046875
1 0.6376953125 0.4189453125 0.03515625 0.13671875
1 0.326171875 0.439453125 0.1171875 0.25390625
0 0.56640625 0.43359375 0.12109375 0.072265625
0 0.638671875 0.4326171875 0.013671875 0.080078125
1 0.54296875 0.435546875 0.037109375 0.04296875
0 0.5673828125 0.484375 0.126953125 0.09375
1 0.541015625 0.4931640625 0.048828125 0.056640625
1 0.82421875 0.48828125 0.04296875 0.044921875
0 0.41015625 0.5029296875 0.02734375 0.17578125
0 0.7265625 0.50390625 0.03515625 0.013671875
0 0.2392578125 0.5224609375 0.083984375 0.080078125
1 0.6611328125 0.515625 0.0546875 0.162109375
1 0.4111328125 0.5322265625 0.09375 0.384765625
1 0.7255859375 0.521484375 0.07421875 0.0234375
0 0.5771484375 0.5283203125 0.146484375 0.099609375
0 0.8720703125 0.5185546875 0.037109375 0.021484375
0 0.6611328125 0.533203125 0.025390625 0.091796875
1 0.5537109375 0.537109375 0.037109375 0.044921875
1 0.8779296875 0.5302734375 0.06640625 0.1015625
0 0.81640625 0.5419921875 0.048828125 0.0546875
1 0.48828125 0.556640625 0.04296875 0.1796875
0 0.5771484375 0.5693359375 0.142578125 0.103515625
1 0.5537109375 0.58203125 0.037109375 0.044921875
0 0.576171875 0.6123046875 0.140625 0.107421875
1 0.248046875 0.6298828125 0.0859375 0.068359375
1 0.1259765625 0.6357421875 0.1328125 0.095703125
1 0.5478515625 0.626953125 0.037109375 0.04296875
0 0.3408203125 0.654296875 0.10546875 0.234375
0 0.2578125 0.7314453125 0.08203125 0.078125
0 0.1484375 0.7763671875 0.119140625 0.103515625
1 0.396484375 0.275390625 0.0546875 0.115234375
0 0.47265625 0.2763671875 0.033203125 0.07421875
0 0.3447265625 0.3037109375 0.029296875 0.037109375
1 0.5615234375 0.30078125 0.02734375 0.013671875
0 0.5224609375 0.3095703125 0.05078125 0.21484375
1 0.09375 0.328125 0.10546875 0.05859375