0 0.37109375 0.48046875 0.03125 0.056640625
1 0.390625 0.5078125 0.0546875 0.111328125
0 0.51953125 0.525390625 0.119140625 0.03125
1 0.533203125 0.541015625 0.197265625 0.083984375
1 0.533203125 0.5859375 0.052734375 0.087890625
0 0.3359375 0.58984375 0.0390625 0.060546875
1 0.3359375 0.60546875 0.134765625 0.21875
0 0.546875 0.6875 0.306640625 0.111328125
1 0.55078125 0.763671875 0.052734375 0.072265625
0 0.49609375 0.861328125 0.251953125 0.095703125
1 0.5390625 0.888671875 0.3984375 0.220703125