1 0.36328125 0.48046875 0.03125 0.03515625
0 0.4052734375 0.5615234375 0.0546875 0.0546875
0 0.396484375 0.56640625 0.115234375 0.162109375
1 0.4189453125 0.5908203125 0.109375 0.134765625
0 0.462890625 0.5947265625 0.044921875 0.04296875
1 0.41796875 0.615234375 0.0390625 0.04296875
0 0.5078125 0.671875 0.04296875 0.044921875
1 0.4697265625 0.6884765625 0.03515625 0.0390625
1 0.45703125 0.7080078125 0.03515625 0.0703125
0 0.548828125 0.7216796875 0.044921875 0.046875
0 0.46484375 0.75390625 0.02734375 0.05859375
1 0.505859375 0.7490234375 0.025390625 0.037109375
1 0.4970703125 0.76953125 0.0390625 0.078125
0 0.578125 0.791015625 0.046875 0.046875
0 0.5009765625 0.8134765625 0.03515625 0.072265625
1 0.5732421875 0.8486328125 0.06640625 0.1171875
1 0.59765625 0.841796875 0.0390625 0.056640625
0 0.5703125 0.8837890625 0.037109375 0.064453125