1 0.47265625 0.4150390625 0.029296875 0.013671875
0 0.4833984375 0.423828125 0.09375 0.07421875
1 0.4775390625 0.4365234375 0.025390625 0.033203125
0 0.3642578125 0.4619140625 0.1875 0.12890625
0 0.6689453125 0.4248046875 0.015625 0.01953125
1 0.666015625 0.4296875 0.03515625 0.078125
0 0.4833984375 0.455078125 0.08984375 0.0703125
0 0.65625 0.4345703125 0.017578125 0.01953125
1 0.6533203125 0.4375 0.0390625 0.08203125
1 0.341796875 0.484375 0.048828125 0.048828125
1 0.4794921875 0.4658203125 0.029296875 0.033203125
0 0.373046875 0.5078125 0.1796875 0.126953125
1 0.3544921875 0.5322265625 0.046875 0.044921875
1 0.412109375 0.60546875 0.025390625 0.033203125