0 0.541015625 0.4521484375 0.267578125 0.2265625
1 0.423828125 0.4453125 0.052734375 0.046875
1 0.595703125 0.4912109375 0.08203125 0.083984375
0 0.49609375 0.470703125 0.322265625 0.279296875
0 0.427734375 0.5146484375 0.224609375 0.189453125
1 0.462890625 0.564453125 0.421875 0.36328125
1 0.3720703125 0.5849609375 0.177734375 0.150390625
0 0.28125 0.61328125 0.28515625 0.2578125
0 0.4677734375 0.671875 0.068359375 0.072265625
0 0.216796875 0.66015625 0.298828125 0.271484375
1 0.2763671875 0.70703125 0.078125 0.0859375
0 0.720703125 0.951171875 0.064453125 0.0859375