0 0.5947265625 0.4873046875 0.048828125 0.03125
1 0.6015625 0.515625 0.099609375 0.064453125
0 0.7275390625 0.4990234375 0.03125 0.02734375
1 0.724609375 0.525390625 0.1171875 0.189453125
1 0.4130859375 0.6142578125 0.0625 0.11328125
0 0.6171875 0.6123046875 0.12890625 0.0703125
1 0.6396484375 0.6376953125 0.21484375 0.189453125
0 0.6376953125 0.6640625 0.119140625 0.078125
1 0.46875 0.7060546875 0.046875 0.064453125
1 0.3125 0.78515625 0.1484375 0.263671875
0 0.466796875 0.7734375 0.27734375 0.2109375
0 0.330078125 0.8173828125 0.060546875 0.134765625