0 0.595703125 0.4990234375 0.046875 0.025390625
1 0.599609375 0.5283203125 0.09375 0.052734375
0 0.7265625 0.52734375 0.029296875 0.025390625
1 0.7197265625 0.552734375 0.09765625 0.181640625
1 0.3994140625 0.603515625 0.05078125 0.109375
0 0.6025390625 0.6259765625 0.125 0.0546875
1 0.62109375 0.654296875 0.197265625 0.16796875
0 0.6171875 0.6796875 0.11328125 0.06640625
1 0.4443359375 0.7001953125 0.041015625 0.060546875
1 0.279296875 0.759765625 0.12109375 0.25390625
0 0.43359375 0.767578125 0.259765625 0.18359375
0 0.2919921875 0.794921875 0.044921875 0.1328125