0 0.5791015625 0.458984375 0.185546875 0.13671875
1 0.5654296875 0.4697265625 0.0546875 0.068359375
1 0.6904296875 0.474609375 0.103515625 0.08984375
0 0.3759765625 0.5400390625 0.349609375 0.240234375
1 0.3388671875 0.5595703125 0.115234375 0.111328125
0 0.6142578125 0.5234375 0.044921875 0.087890625
0 0.6943359375 0.5478515625 0.107421875 0.087890625
0 0.3994140625 0.626953125 0.40625 0.2578125
1 0.6611328125 0.58203125 0.228515625 0.19921875
1 0.388671875 0.64453125 0.099609375 0.1015625
0 0.412109375 0.7021484375 0.408203125 0.2734375
1 0.40234375 0.7216796875 0.099609375 0.099609375
0 0.4189453125 0.7685546875 0.400390625 0.291015625
1 0.412109375 0.7958984375 0.095703125 0.095703125