0 0.30078125 0.40234375 0.08203125 0.07421875
1 0.5810546875 0.37109375 0.056640625 0.12890625
0 0.4443359375 0.4072265625 0.05859375 0.0546875
1 0.2275390625 0.462890625 0.091796875 0.072265625
0 0.5830078125 0.3828125 0.029296875 0.07421875
0 0.521484375 0.40234375 0.119140625 0.095703125
1 0.50390625 0.412109375 0.037109375 0.044921875
1 0.3193359375 0.470703125 0.150390625 0.244140625
0 0.533203125 0.447265625 0.126953125 0.111328125
1 0.7578125 0.3955078125 0.044921875 0.046875
1 0.5126953125 0.462890625 0.052734375 0.05859375
0 0.6748046875 0.42578125 0.03515625 0.01953125
0 0.40234375 0.50390625 0.05859375 0.16015625
1 0.6181640625 0.4501953125 0.080078125 0.154296875
1 0.6767578125 0.443359375 0.0703125 0.03515625
0 0.8046875 0.4140625 0.03515625 0.025390625
0 0.5498046875 0.4833984375 0.142578125 0.119140625
0 0.623046875 0.4677734375 0.041015625 0.0859375
1 0.8125 0.421875 0.07421875 0.09765625
1 0.41015625 0.5263671875 0.150390625 0.353515625
0 0.2666015625 0.564453125 0.08203125 0.080078125
1 0.5322265625 0.498046875 0.041015625 0.046875
0 0.759765625 0.443359375 0.05078125 0.0546875
1 0.4794921875 0.53125 0.0703125 0.1640625
0 0.5576171875 0.51953125 0.142578125 0.123046875
1 0.5400390625 0.5380859375 0.0390625 0.044921875
0 0.564453125 0.556640625 0.14453125 0.12890625
1 0.5439453125 0.578125 0.037109375 0.04296875
1 0.2939453125 0.65234375 0.080078125 0.076171875
1 0.1962890625 0.6865234375 0.125 0.109375
0 0.376953125 0.6533203125 0.1328125 0.22265625
0 0.322265625 0.7333984375 0.080078125 0.078125
0 0.2451171875 0.79296875 0.111328125 0.10546875
1 0.2998046875 0.2939453125 0.029296875 0.0625
0 0.41015625 0.287109375 0.041015625 0.072265625
1 0.3466796875 0.306640625 0.068359375 0.11328125
1 0.494140625 0.2900390625 0.03125 0.037109375
0 0.458984375 0.3046875 0.0859375 0.203125
0 0.3056640625 0.3427734375 0.033203125 0.04296875
1 0.53515625 0.310546875 0.046875 0.03515625
1 0.1064453125 0.4306640625 0.09765625 0.072265625