1 0.5478515625 0.0283203125 0.021484375 0.0546875
1 0.6123046875 0.033203125 0.025390625 0.056640625
1 0.4970703125 0.033203125 0.01171875 0.029296875
1 0.5107421875 0.03515625 0.015625 0.044921875
1 0.5693359375 0.0390625 0.015625 0.03515625
1 0.634765625 0.4326171875 0.03515625 0.01953125
0 0.55078125 0.431640625 0.015625 0.021484375
1 0.556640625 0.435546875 0.037109375 0.107421875
0 0.615234375 0.447265625 0.025390625 0.029296875
1 0.572265625 0.4541015625 0.03125 0.111328125
0 0.58984375 0.4580078125 0.017578125 0.0234375
1 0.6962890625 0.4677734375 0.046875 0.0234375
0 0.6396484375 0.4677734375 0.02734375 0.029296875
1 0.5908203125 0.4677734375 0.033203125 0.1015625
1 0.609375 0.501953125 0.017578125 0.0703125
0 0.708984375 0.5068359375 0.03515625 0.03515625
1 0.66796875 0.513671875 0.017578125 0.05859375
1 0.6337890625 0.5224609375 0.01953125 0.0703125
0 0.666015625 0.552734375 0.01953125 0.0234375
1 0.69921875 0.5693359375 0.02734375 0.078125
0 0.5224609375 0.1884765625 0.013671875 0.017578125
1 0.5205078125 0.1923828125 0.01953125 0.109375
1 0.5380859375 0.1962890625 0.025390625 0.099609375