1 0.271484375 0.35546875 0.05859375 0.046875
1 0.2060546875 0.34375 0.08203125 0.064453125
1 0.3994140625 0.400390625 0.05859375 0.046875
1 0.4580078125 0.4248046875 0.060546875 0.046875
1 0.521484375 0.4462890625 0.0703125 0.048828125
1 0.5986328125 0.4775390625 0.076171875 0.056640625
0 0.2041015625 0.3994140625 0.05078125 0.03515625
0 0.2685546875 0.4150390625 0.05859375 0.0546875
0 0.392578125 0.458984375 0.05859375 0.0546875
0 0.451171875 0.4833984375 0.060546875 0.052734375
0 0.5078125 0.51171875 0.07421875 0.068359375
0 0.5830078125 0.5439453125 0.078125 0.0703125
1 0.3974609375 0.6142578125 0.07421875 0.0625
1 0.470703125 0.6474609375 0.07421875 0.0625
0 0.3896484375 0.6640625 0.048828125 0.03125
0 0.4580078125 0.6962890625 0.052734375 0.033203125