0 0.5693359375 0.5380859375 0.052734375 0.029296875
0 0.2998046875 0.53515625 0.11328125 0.07421875
1 0.5654296875 0.5654296875 0.11328125 0.06640625
1 0.3505859375 0.5791015625 0.0546875 0.025390625
1 0.2802734375 0.580078125 0.2109375 0.185546875
0 0.388671875 0.630859375 0.1796875 0.19140625
0 0.2109375 0.6318359375 0.041015625 0.02734375
1 0.4541015625 0.6494140625 0.09765625 0.052734375
0 0.5498046875 0.6826171875 0.07421875 0.0859375
0 0.630859375 0.69921875 0.05078125 0.021484375
1 0.53515625 0.7119140625 0.142578125 0.19140625
1 0.6103515625 0.765625 0.1875 0.2109375