0 0.4423828125 0.54296875 0.025390625 0.01171875
0 0.3935546875 0.55078125 0.02734375 0.01171875
1 0.5537109375 0.533203125 0.05078125 0.033203125
1 0.4970703125 0.5419921875 0.05078125 0.033203125
1 0.447265625 0.5634765625 0.041015625 0.02734375
1 0.3984375 0.5693359375 0.041015625 0.02734375
1 0.2958984375 0.5859375 0.04296875 0.02734375
1 0.2412109375 0.6064453125 0.060546875 0.0390625
0 0.560546875 0.5908203125 0.05078125 0.044921875
0 0.50390625 0.599609375 0.05078125 0.044921875
0 0.455078125 0.6123046875 0.04296875 0.037109375
0 0.408203125 0.619140625 0.04296875 0.037109375
0 0.3056640625 0.6357421875 0.04296875 0.0390625
0 0.2490234375 0.654296875 0.041015625 0.02734375
0 0.521484375 0.7060546875 0.01953125 0.009765625
0 0.4638671875 0.71484375 0.0234375 0.01171875
1 0.5107421875 0.734375 0.0546875 0.03515625
1 0.451171875 0.744140625 0.0546875 0.03515625
0 0.5166015625 0.78125 0.0390625 0.025390625
0 0.45703125 0.791015625 0.0390625 0.025390625