1 0.4365234375 0.3173828125 0.015625 0.0546875
0 0.55859375 0.3193359375 0.037109375 0.0703125
1 0.4833984375 0.3330078125 0.0625 0.10546875
1 0.65625 0.3330078125 0.033203125 0.03515625
0 0.4404296875 0.36328125 0.0234375 0.0390625
0 0.6015625 0.34765625 0.095703125 0.20703125
1 0.224609375 0.41796875 0.0859375 0.05078125
1 0.7080078125 0.3642578125 0.052734375 0.037109375
0 0.4208984375 0.4189453125 0.08203125 0.064453125
1 0.3369140625 0.466796875 0.083984375 0.060546875
0 0.58203125 0.4443359375 0.060546875 0.048828125
1 0.759765625 0.4365234375 0.048828125 0.138671875
0 0.6796875 0.4541015625 0.140625 0.083984375
0 0.765625 0.4482421875 0.021484375 0.08203125
1 0.6572265625 0.462890625 0.041015625 0.044921875
1 0.41796875 0.4921875 0.1640625 0.2421875
1 0.66015625 0.51953125 0.056640625 0.060546875
0 0.5244140625 0.5419921875 0.0546875 0.173828125
0 0.36328125 0.5703125 0.078125 0.07421875
1 0.802734375 0.53125 0.07421875 0.171875
1 0.5224609375 0.572265625 0.142578125 0.3828125
0 0.708984375 0.55078125 0.169921875 0.109375
1 0.6826171875 0.564453125 0.044921875 0.046875
0 0.8115234375 0.55078125 0.029296875 0.099609375
1 0.611328125 0.5888671875 0.06640625 0.18359375
0 0.71484375 0.595703125 0.16796875 0.11328125
1 0.6884765625 0.6083984375 0.044921875 0.046875
1 0.2734375 0.677734375 0.115234375 0.087890625
1 0.380859375 0.66796875 0.080078125 0.064453125
0 0.7197265625 0.63671875 0.166015625 0.115234375
1 0.6884765625 0.65625 0.044921875 0.046875
0 0.470703125 0.6904296875 0.126953125 0.228515625
0 0.400390625 0.763671875 0.080078125 0.07421875
0 0.3046875 0.8017578125 0.107421875 0.09375