0 0.361328125 0.248046875 0.126953125 0.0859375
1 0.4111328125 0.318359375 0.15625 0.11328125
0 0.353515625 0.396484375 0.0859375 0.09375
1 0.32421875 0.400390625 0.251953125 0.41015625
0 0.419921875 0.4580078125 0.06640625 0.060546875
0 0.28515625 0.470703125 0.0859375 0.177734375
1 0.3359375 0.533203125 0.09375 0.169921875
1 0.4453125 0.6044921875 0.087890625 0.09765625
0 0.404296875 0.59375 0.14453125 0.240234375
0 0.46484375 0.638671875 0.21484375 0.3125
1 0.505859375 0.673828125 0.09765625 0.10546875
0 0.5224609375 0.7119140625 0.25 0.32421875
1 0.541015625 0.7978515625 0.078125 0.08203125
0 0.5498046875 0.8125 0.23046875 0.271484375
1 0.416015625 0.095703125 0.037109375 0.041015625
0 0.4091796875 0.1357421875 0.04296875 0.05078125
0 0.271484375 0.12109375 0.044921875 0.05078125
0 0.3232421875 0.1494140625 0.0390625 0.03125