1 0.48828125 0.2333984375 0.060546875 0.03125
0 0.44921875 0.2578125 0.2109375 0.18359375
1 0.4482421875 0.271484375 0.056640625 0.076171875
0 0.2802734375 0.2841796875 0.0234375 0.0546875
0 0.392578125 0.31640625 0.1796875 0.201171875
1 0.419921875 0.3349609375 0.0703125 0.095703125
1 0.3125 0.31640625 0.068359375 0.078125
0 0.6376953125 0.431640625 0.357421875 0.310546875
1 0.646484375 0.4462890625 0.125 0.142578125
0 0.5693359375 0.5029296875 0.361328125 0.34765625
1 0.5771484375 0.521484375 0.115234375 0.138671875
0 0.4306640625 0.599609375 0.361328125 0.39453125
1 0.7294921875 0.677734375 0.16015625 0.16015625
1 0.4208984375 0.623046875 0.107421875 0.1484375
0 0.59765625 0.697265625 0.095703125 0.095703125