1 0.9677734375 0.46875 0.064453125 0.1171875
0 0.3154296875 0.3271484375 0.484375 0.404296875
1 0.4169921875 0.431640625 0.583984375 0.482421875
0 0.5634765625 0.5048828125 0.080078125 0.09765625
0 0.3515625 0.4560546875 0.318359375 0.259765625
1 0.4169921875 0.5625 0.232421875 0.197265625
0 0.390625 0.6669921875 0.3515625 0.3046875
1 0.494140625 0.71875 0.10546875 0.091796875
0 0.4169921875 0.7490234375 0.34765625 0.296875
1 0.3935546875 0.1962890625 0.146484375 0.126953125
0 0.9599609375 0.357421875 0.080078125 0.10546875
0 0.298828125 0.23828125 0.423828125 0.3515625