0 0.5595703125 0.5439453125 0.060546875 0.03125
1 0.552734375 0.57421875 0.12109375 0.05859375
0 0.240234375 0.564453125 0.099609375 0.099609375
1 0.3212890625 0.607421875 0.06640625 0.03515625
0 0.65234375 0.69140625 0.0546875 0.0234375
0 0.5908203125 0.6796875 0.05859375 0.076171875
1 0.4931640625 0.6591796875 0.109375 0.046875
1 0.2099609375 0.6171875 0.216796875 0.240234375
0 0.37890625 0.658203125 0.1328125 0.203125
1 0.5859375 0.71875 0.130859375 0.1796875
1 0.6669921875 0.7509765625 0.19921875 0.18359375
0 0.1708984375 0.6767578125 0.078125 0.033203125