0 0.5576171875 0.3115234375 0.05859375 0.03515625
0 0.3876953125 0.337890625 0.06640625 0.044921875
1 0.3720703125 0.3515625 0.158203125 0.26953125
1 0.5615234375 0.3505859375 0.123046875 0.068359375
0 0.6748046875 0.4560546875 0.099609375 0.095703125
1 0.58984375 0.4921875 0.11328125 0.068359375
1 0.6875 0.4931640625 0.193359375 0.203125
0 0.515625 0.60546875 0.267578125 0.318359375
1 0.419921875 0.6123046875 0.087890625 0.068359375
0 0.26171875 0.625 0.115234375 0.20703125
1 0.306640625 0.7021484375 0.30078125 0.41796875
1 0.4951171875 0.78125 0.0703125 0.05078125
0 0.376953125 0.84765625 0.10546875 0.0625