0 0.279296875 0.35546875 0.08203125 0.150390625
0 0.248046875 0.36328125 0.05859375 0.115234375
0 0.3427734375 0.3857421875 0.06640625 0.12109375
0 0.5029296875 0.4208984375 0.025390625 0.064453125
1 0.5380859375 0.427734375 0.029296875 0.068359375
1 0.576171875 0.435546875 0.029296875 0.068359375
0 0.23046875 0.3720703125 0.044921875 0.08984375
1 0.6123046875 0.4462890625 0.03125 0.0703125
0 0.212890625 0.3701171875 0.037109375 0.08203125
0 0.31640625 0.392578125 0.046875 0.091796875
0 0.296875 0.390625 0.041015625 0.0859375
1 0.50390625 0.4306640625 0.056640625 0.115234375
1 0.2734375 0.3984375 0.02734375 0.0390625
1 0.2109375 0.3876953125 0.015625 0.021484375
1 0.228515625 0.3935546875 0.0234375 0.03125
1 0.3349609375 0.416015625 0.02734375 0.0390625
1 0.2919921875 0.412109375 0.015625 0.0234375
1 0.625 0.5 0.01171875 0.02734375
0 0.2392578125 0.5009765625 0.0234375 0.021484375
1 0.240234375 0.5029296875 0.041015625 0.087890625
0 0.25390625 0.5078125 0.015625 0.01953125
1 0.2607421875 0.51171875 0.046875 0.087890625
1 0.4072265625 0.703125 0.037109375 0.0234375
1 0.44140625 0.7109375 0.033203125 0.0234375
1 0.46875 0.724609375 0.03515625 0.021484375
0 0.296875 0.697265625 0.021484375 0.025390625
1 0.2998046875 0.7001953125 0.044921875 0.09765625
0 0.31640625 0.70703125 0.015625 0.0234375
1 0.32421875 0.7109375 0.046875 0.09765625
0 0.341796875 0.7177734375 0.021484375 0.025390625
1 0.345703125 0.72265625 0.04296875 0.1015625
1 0.42578125 0.75 0.01953125 0.044921875
1 0.3642578125 0.748046875 0.025390625 0.0546875
1 0.3916015625 0.76171875 0.025390625 0.056640625
1 0.4521484375 0.787109375 0.02734375 0.05859375