0 0.3349609375 0.3798828125 0.068359375 0.177734375
1 0.736328125 0.3583984375 0.025390625 0.0703125
1 0.6982421875 0.36328125 0.0234375 0.072265625
1 0.77734375 0.357421875 0.025390625 0.072265625
0 0.6552734375 0.3681640625 0.017578125 0.068359375
0 0.43359375 0.390625 0.052734375 0.13671875
1 0.654296875 0.3798828125 0.05859375 0.119140625
0 0.2998046875 0.404296875 0.05859375 0.140625
0 0.4013671875 0.4091796875 0.04296875 0.107421875
0 0.26953125 0.419921875 0.046875 0.109375
0 0.375 0.4150390625 0.037109375 0.1015625
0 0.2421875 0.42578125 0.0390625 0.1015625
1 0.3447265625 0.4345703125 0.037109375 0.046875
1 0.4365234375 0.427734375 0.033203125 0.04296875
1 0.24609375 0.44921875 0.021484375 0.02734375
1 0.2734375 0.447265625 0.029296875 0.0390625
1 0.3779296875 0.4404296875 0.021484375 0.029296875
0 0.3134765625 0.57421875 0.02734375 0.0234375
0 0.3408203125 0.57421875 0.0234375 0.0234375
1 0.3466796875 0.5771484375 0.04296875 0.107421875
1 0.3134765625 0.58203125 0.04296875 0.109375
1 0.658203125 0.6923828125 0.03125 0.015625
1 0.6953125 0.6904296875 0.033203125 0.015625
1 0.6240234375 0.69921875 0.029296875 0.015625
1 0.6611328125 0.7373046875 0.017578125 0.044921875
0 0.552734375 0.7529296875 0.02734375 0.025390625
0 0.513671875 0.755859375 0.0234375 0.02734375
0 0.484375 0.759765625 0.02734375 0.025390625
1 0.55078125 0.7568359375 0.041015625 0.11328125
1 0.5205078125 0.7587890625 0.041015625 0.11328125
1 0.4853515625 0.763671875 0.041015625 0.11328125
1 0.7041015625 0.7578125 0.0234375 0.0625
1 0.6279296875 0.767578125 0.021484375 0.060546875
1 0.5888671875 0.76953125 0.021484375 0.060546875