0 0.6474609375 0.244140625 0.060546875 0.0390625
0 0.6494140625 0.3017578125 0.080078125 0.103515625
1 0.404296875 0.380859375 0.033203125 0.033203125
1 0.6884765625 0.3125 0.1875 0.216796875
1 0.65234375 0.3515625 0.072265625 0.09765625
0 0.783203125 0.361328125 0.177734375 0.21875
0 0.7080078125 0.3896484375 0.03125 0.046875
0 0.4501953125 0.4599609375 0.060546875 0.05859375
0 0.4365234375 0.4716796875 0.119140625 0.171875
0 0.7998046875 0.384765625 0.158203125 0.212890625
0 0.5166015625 0.4794921875 0.046875 0.041015625
1 0.7578125 0.419921875 0.03515625 0.04296875
1 0.4697265625 0.5009765625 0.041015625 0.041015625
0 0.8173828125 0.4150390625 0.13671875 0.205078125
1 0.46484375 0.5107421875 0.12109375 0.1796875
1 0.78515625 0.44140625 0.037109375 0.04296875
1 0.458984375 0.5283203125 0.03515625 0.080078125
0 0.8408203125 0.453125 0.1015625 0.16796875
1 0.8173828125 0.462890625 0.0390625 0.044921875
0 0.5537109375 0.5634765625 0.04296875 0.04296875
1 0.8505859375 0.4931640625 0.0390625 0.044921875
1 0.513671875 0.5791015625 0.03515625 0.0390625
0 0.4736328125 0.5888671875 0.033203125 0.07421875
1 0.5009765625 0.6005859375 0.033203125 0.0703125
0 0.869140625 0.5205078125 0.068359375 0.1171875
1 0.880859375 0.5341796875 0.0390625 0.048828125
0 0.5947265625 0.61328125 0.044921875 0.044921875
1 0.5537109375 0.6357421875 0.037109375 0.041015625
0 0.51171875 0.65234375 0.02734375 0.05859375
1 0.5400390625 0.6591796875 0.0390625 0.080078125
0 0.6005859375 0.6923828125 0.048828125 0.046875
0 0.5458984375 0.7080078125 0.033203125 0.072265625
1 0.619140625 0.7421875 0.044921875 0.0625
1 0.5927734375 0.7529296875 0.064453125 0.12109375
0 0.595703125 0.7939453125 0.037109375 0.068359375
1 0.494140625 0.1611328125 0.033203125 0.041015625
0 0.4990234375 0.1982421875 0.03515625 0.044921875