0 0.3115234375 0.283203125 0.119140625 0.0625
1 0.375 0.3408203125 0.14453125 0.087890625
0 0.3359375 0.4287109375 0.072265625 0.08203125
1 0.3076171875 0.439453125 0.177734375 0.390625
0 0.4130859375 0.4755859375 0.056640625 0.05078125
0 0.2841796875 0.515625 0.052734375 0.173828125
1 0.345703125 0.56640625 0.060546875 0.1640625
1 0.46875 0.61328125 0.072265625 0.0859375
0 0.42578125 0.611328125 0.1015625 0.228515625
0 0.494140625 0.642578125 0.162109375 0.29296875
1 0.5419921875 0.66796875 0.08203125 0.091796875
0 0.5654296875 0.703125 0.197265625 0.296875
1 0.6025390625 0.783203125 0.06640625 0.072265625
0 0.61328125 0.7958984375 0.1875 0.244140625
1 0.333984375 0.1220703125 0.03125 0.037109375
0 0.3359375 0.1630859375 0.03515625 0.044921875
0 0.1982421875 0.1767578125 0.037109375 0.044921875
0 0.25390625 0.193359375 0.03515625 0.025390625