1 0.326171875 0.388671875 0.0234375 0.05078125
0 0.4423828125 0.3740234375 0.044921875 0.068359375
1 0.373046875 0.396484375 0.072265625 0.103515625
1 0.5390625 0.3681640625 0.03515625 0.03515625
0 0.498046875 0.3857421875 0.091796875 0.19140625
0 0.3369140625 0.4287109375 0.0234375 0.033203125
1 0.591796875 0.3828125 0.052734375 0.03515625
1 0.1357421875 0.5146484375 0.08984375 0.060546875
0 0.322265625 0.4873046875 0.083984375 0.068359375
1 0.24609375 0.5419921875 0.0859375 0.064453125
0 0.4775390625 0.4833984375 0.064453125 0.0546875
1 0.6484375 0.4423828125 0.06640625 0.12890625
0 0.57421875 0.4736328125 0.14453125 0.09765625
0 0.6533203125 0.453125 0.033203125 0.076171875
1 0.55078125 0.484375 0.044921875 0.044921875
1 0.341796875 0.5419921875 0.1484375 0.228515625
0 0.587890625 0.5166015625 0.15234375 0.115234375
1 0.5576171875 0.53515625 0.0625 0.060546875
0 0.4306640625 0.5791015625 0.064453125 0.154296875
1 0.8642578125 0.462890625 0.052734375 0.0546875
0 0.767578125 0.4951171875 0.041015625 0.0234375
0 0.2822265625 0.630859375 0.083984375 0.076171875
1 0.69921875 0.51953125 0.087890625 0.16015625
1 0.435546875 0.599609375 0.1640625 0.34375
0 0.607421875 0.5537109375 0.177734375 0.125
1 0.7724609375 0.51171875 0.08203125 0.044921875
0 0.7041015625 0.5380859375 0.04296875 0.08984375
1 0.583984375 0.5703125 0.046875 0.046875
1 0.517578125 0.6044921875 0.080078125 0.1640625
0 0.8701171875 0.515625 0.060546875 0.064453125
0 0.6181640625 0.59375 0.173828125 0.126953125
1 0.59375 0.6083984375 0.046875 0.046875
1 0.919921875 0.537109375 0.099609375 0.087890625
0 0.919921875 0.537109375 0.0390625 0.025390625
1 0.2099609375 0.7373046875 0.1171875 0.09375
1 0.310546875 0.712890625 0.083984375 0.0703125
0 0.6259765625 0.6298828125 0.171875 0.12890625
1 0.5966796875 0.650390625 0.046875 0.046875
0 0.3984375 0.7158203125 0.13671875 0.20703125
0 0.337890625 0.7919921875 0.08203125 0.07421875
0 0.2529296875 0.8388671875 0.107421875 0.09375