0 0.443359375 0.5439453125 0.025390625 0.01171875
0 0.39453125 0.5517578125 0.02734375 0.01171875
1 0.5537109375 0.5322265625 0.05078125 0.033203125
1 0.498046875 0.5419921875 0.05078125 0.033203125
1 0.4482421875 0.564453125 0.041015625 0.029296875
1 0.3994140625 0.5712890625 0.041015625 0.029296875
1 0.2978515625 0.58984375 0.04296875 0.029296875
1 0.2431640625 0.611328125 0.060546875 0.041015625
0 0.5615234375 0.58984375 0.052734375 0.044921875
0 0.505859375 0.599609375 0.052734375 0.044921875
0 0.45703125 0.6123046875 0.04296875 0.0390625
0 0.41015625 0.62109375 0.04296875 0.0390625
0 0.30859375 0.6396484375 0.04296875 0.041015625
0 0.251953125 0.6591796875 0.041015625 0.029296875
0 0.525390625 0.705078125 0.01953125 0.009765625
0 0.466796875 0.7158203125 0.0234375 0.01171875
1 0.515625 0.734375 0.0546875 0.03515625
1 0.455078125 0.7451171875 0.0546875 0.03515625
0 0.521484375 0.78125 0.0390625 0.02734375
0 0.4619140625 0.791015625 0.0390625 0.02734375