0 0.572265625 0.4130859375 0.05078125 0.0546875
1 0.5888671875 0.4287109375 0.189453125 0.2578125
0 0.3427734375 0.404296875 0.173828125 0.115234375
1 0.3076171875 0.44921875 0.3203125 0.271484375
1 0.3486328125 0.5 0.072265625 0.0625
0 0.6865234375 0.591796875 0.07421875 0.0703125
1 0.6669921875 0.6171875 0.166015625 0.1640625
0 0.3701171875 0.576171875 0.326171875 0.287109375
1 0.4599609375 0.623046875 0.125 0.115234375
0 0.533203125 0.73828125 0.1640625 0.13671875
1 0.5048828125 0.7568359375 0.294921875 0.28125
0 0.24609375 0.0390625 0.07421875 0.078125
0 0.2509765625 0.083984375 0.109375 0.126953125
0 0.248046875 0.1533203125 0.0390625 0.0546875