1 0.6015625 0.4609375 0.095703125 0.078125
0 0.26171875 0.4072265625 0.33984375 0.150390625
1 0.1708984375 0.392578125 0.111328125 0.08984375
0 0.6669921875 0.470703125 0.376953125 0.146484375
1 0.7802734375 0.564453125 0.23828125 0.107421875
0 0.25390625 0.4912109375 0.33984375 0.140625
1 0.1923828125 0.482421875 0.107421875 0.080078125
0 0.5849609375 0.548828125 0.068359375 0.10546875
0 0.2822265625 0.5625 0.4140625 0.17578125
1 0.2080078125 0.55859375 0.109375 0.08203125
0 0.7666015625 0.6630859375 0.24609375 0.083984375
1 0.693359375 0.6669921875 0.470703125 0.19921875
0 0.2763671875 0.640625 0.408203125 0.16015625
1 0.2021484375 0.6328125 0.109375 0.08203125