1 0.7451171875 0.4833984375 0.013671875 0.06640625
1 0.7197265625 0.484375 0.015625 0.068359375
1 0.6923828125 0.4873046875 0.015625 0.0703125
0 0.658203125 0.4921875 0.01171875 0.072265625
1 0.66015625 0.50390625 0.0390625 0.12890625
0 0.330078125 0.509765625 0.1015625 0.255859375
0 0.4443359375 0.5234375 0.06640625 0.185546875
0 0.408203125 0.5439453125 0.06640625 0.1484375
0 0.27734375 0.54296875 0.0859375 0.208984375
0 0.384765625 0.552734375 0.044921875 0.142578125
1 0.455078125 0.56640625 0.037109375 0.056640625
0 0.2255859375 0.5703125 0.083984375 0.171875
1 0.3427734375 0.580078125 0.046875 0.06640625
0 0.1845703125 0.5791015625 0.072265625 0.16015625
1 0.3837890625 0.5859375 0.02734375 0.037109375
1 0.236328125 0.6083984375 0.048828125 0.0625
0 0.302734375 0.7763671875 0.0390625 0.033203125
1 0.306640625 0.7822265625 0.0625 0.154296875
0 0.263671875 0.78515625 0.037109375 0.0390625
1 0.2568359375 0.798828125 0.064453125 0.166015625
0 0.681640625 0.8486328125 0.0234375 0.021484375
0 0.625 0.8837890625 0.02734375 0.0234375
1 0.650390625 0.88671875 0.013671875 0.048828125
1 0.681640625 0.8916015625 0.015625 0.0625
0 0.591796875 0.900390625 0.029296875 0.025390625
0 0.6494140625 0.9140625 0.017578125 0.015625
1 0.6240234375 0.9287109375 0.017578125 0.06640625
1 0.5478515625 0.9375 0.044921875 0.125
0 0.556640625 0.939453125 0.0234375 0.02734375
1 0.591796875 0.9453125 0.017578125 0.068359375
1 0.5185546875 0.9453125 0.044921875 0.109375
1 0.4814453125 0.9541015625 0.048828125 0.091796875
0 0.51953125 0.9599609375 0.029296875 0.025390625
0 0.4892578125 0.978515625 0.03125 0.03125