1 0.240234375 0.423828125 0.0546875 0.041015625
1 0.173828125 0.4306640625 0.076171875 0.056640625
1 0.3759765625 0.4326171875 0.0546875 0.041015625
1 0.439453125 0.439453125 0.056640625 0.041015625
1 0.505859375 0.4423828125 0.06640625 0.041015625
1 0.5888671875 0.451171875 0.0703125 0.046875
0 0.1875 0.484375 0.048828125 0.029296875
0 0.25390625 0.482421875 0.0546875 0.048828125
0 0.3857421875 0.490234375 0.0546875 0.048828125
0 0.44921875 0.498046875 0.0546875 0.046875
0 0.5107421875 0.5087890625 0.068359375 0.060546875
0 0.591796875 0.51953125 0.072265625 0.060546875
1 0.43359375 0.6376953125 0.0703125 0.052734375
1 0.5126953125 0.6494140625 0.0703125 0.052734375
0 0.4384765625 0.6884765625 0.046875 0.025390625
0 0.513671875 0.7001953125 0.05078125 0.02734375