0 0.5888671875 0.4853515625 0.1796875 0.126953125
1 0.572265625 0.4912109375 0.05078125 0.064453125
1 0.6884765625 0.53515625 0.099609375 0.083984375
0 0.3701171875 0.5 0.33984375 0.21875
1 0.328125 0.5068359375 0.109375 0.10546875
0 0.6015625 0.5576171875 0.0390625 0.087890625
0 0.669921875 0.60546875 0.103515625 0.08203125
0 0.365234375 0.58984375 0.396484375 0.234375
1 0.6279296875 0.6279296875 0.21875 0.1875
1 0.349609375 0.603515625 0.09375 0.09765625
0 0.353515625 0.6650390625 0.3984375 0.25
1 0.337890625 0.6806640625 0.095703125 0.09375
0 0.33984375 0.73046875 0.388671875 0.26953125
1 0.3251953125 0.75390625 0.091796875 0.091796875