0 0.494140625 0.3447265625 0.033203125 0.013671875
0 0.4404296875 0.3544921875 0.03125 0.015625
0 0.30859375 0.373046875 0.01953125 0.009765625
1 0.6328125 0.3330078125 0.064453125 0.04296875
1 0.5576171875 0.345703125 0.064453125 0.04296875
1 0.26953125 0.388671875 0.02734375 0.0078125
0 0.294921875 0.38671875 0.025390625 0.013671875
1 0.501953125 0.37109375 0.05078125 0.03125
1 0.4453125 0.3798828125 0.05078125 0.03125
1 0.28125 0.419921875 0.06640625 0.041015625
0 0.640625 0.4052734375 0.064453125 0.052734375
0 0.5712890625 0.4150390625 0.060546875 0.05078125
0 0.5146484375 0.4248046875 0.046875 0.0390625
0 0.462890625 0.4326171875 0.044921875 0.0390625
0 0.30078125 0.46875 0.0390625 0.02734375
0 0.53125 0.529296875 0.025390625 0.017578125
0 0.599609375 0.521484375 0.025390625 0.015625
1 0.5205078125 0.560546875 0.05859375 0.0390625
1 0.5859375 0.552734375 0.060546875 0.0390625
0 0.5302734375 0.6025390625 0.0390625 0.0234375
0 0.5927734375 0.59765625 0.041015625 0.025390625