0 0.5830078125 0.466796875 0.17578125 0.12109375
1 0.568359375 0.4765625 0.048828125 0.064453125
1 0.69140625 0.4951171875 0.09765625 0.08203125
0 0.373046875 0.5263671875 0.333984375 0.208984375
1 0.3330078125 0.5419921875 0.107421875 0.1015625
0 0.611328125 0.53515625 0.037109375 0.0859375
0 0.6884765625 0.5673828125 0.1015625 0.078125
0 0.38671875 0.6162109375 0.392578125 0.220703125
1 0.6513671875 0.5986328125 0.21484375 0.181640625
1 0.3740234375 0.6328125 0.091796875 0.095703125
0 0.3916015625 0.69140625 0.392578125 0.236328125
1 0.37890625 0.7109375 0.09375 0.091796875
0 0.3916015625 0.7587890625 0.380859375 0.2578125
1 0.3818359375 0.78515625 0.08984375 0.08984375