1 0.4716796875 0.3828125 0.125 0.083984375
1 0.10546875 0.4296875 0.095703125 0.056640625
1 0.109375 0.447265625 0.095703125 0.087890625
1 0.712890625 0.3994140625 0.09765625 0.06640625
1 0.5986328125 0.4111328125 0.09765625 0.068359375
1 0.8466796875 0.4140625 0.134765625 0.095703125
0 0.2373046875 0.5234375 0.166015625 0.294921875
1 0.359375 0.5107421875 0.158203125 0.29296875
0 0.4892578125 0.5283203125 0.125 0.115234375
0 0.611328125 0.533203125 0.09765625 0.091796875
0 0.724609375 0.521484375 0.09765625 0.095703125
0 0.85546875 0.53515625 0.099609375 0.0625