1 0.2421875 0.5 0.0546875 0.107421875
0 0.5380859375 0.52734375 0.0703125 0.0390625
1 0.5361328125 0.564453125 0.140625 0.080078125
1 0.16796875 0.56640625 0.087890625 0.193359375
0 0.1669921875 0.58984375 0.04296875 0.099609375
1 0.279296875 0.603515625 0.04296875 0.05859375
0 0.4990234375 0.669921875 0.1796875 0.08203125
0 0.7734375 0.6923828125 0.080078125 0.05078125
0 0.294921875 0.6728515625 0.21875 0.1328125
1 0.779296875 0.7333984375 0.150390625 0.259765625
1 0.53515625 0.73046875 0.298828125 0.21875
0 0.4873046875 0.736328125 0.171875 0.08984375