0 0.4873046875 0.4833984375 0.091796875 0.083984375
0 0.73046875 0.4404296875 0.06640625 0.048828125
0 0.6484375 0.46484375 0.072265625 0.072265625
0 0.5771484375 0.4853515625 0.072265625 0.068359375
1 0.4130859375 0.5458984375 0.12890625 0.20703125
0 0.330078125 0.568359375 0.134765625 0.208984375
1 0.7490234375 0.5205078125 0.09375 0.0703125
1 0.51171875 0.5791015625 0.0859375 0.064453125
0 0.4267578125 0.609375 0.08203125 0.0625
1 0.6669921875 0.548828125 0.0703125 0.052734375
1 0.5966796875 0.56640625 0.0703125 0.05078125
1 0.259765625 0.658203125 0.072265625 0.048828125