1 0.505859375 0.4892578125 0.099609375 0.068359375
1 0.1953125 0.4541015625 0.080078125 0.046875
1 0.69921875 0.5517578125 0.08203125 0.056640625
1 0.6025390625 0.5380859375 0.08203125 0.056640625
1 0.8056640625 0.59375 0.111328125 0.076171875
1 0.3857421875 0.5712890625 0.140625 0.248046875
0 0.2841796875 0.5546875 0.15234375 0.25390625
0 0.48828125 0.611328125 0.107421875 0.09375
0 0.6806640625 0.6552734375 0.08203125 0.078125
0 0.5869140625 0.640625 0.083984375 0.078125
0 0.7880859375 0.6943359375 0.080078125 0.052734375