1 0.423828125 0.0322265625 0.03125 0.05859375
1 0.486328125 0.0244140625 0.03515625 0.048828125
1 0.3759765625 0.0498046875 0.015625 0.03125
1 0.3896484375 0.048828125 0.0234375 0.046875
1 0.447265625 0.037109375 0.021484375 0.037109375
1 0.61328125 0.3994140625 0.0390625 0.025390625
0 0.5322265625 0.4208984375 0.01953125 0.025390625
1 0.5380859375 0.4228515625 0.056640625 0.109375
0 0.59765625 0.4189453125 0.029296875 0.033203125
1 0.5576171875 0.4365234375 0.05078125 0.115234375
0 0.5751953125 0.4365234375 0.021484375 0.02734375
1 0.681640625 0.41796875 0.05078125 0.03125
0 0.626953125 0.4326171875 0.03125 0.03515625
1 0.580078125 0.4453125 0.05078125 0.10546875
1 0.6064453125 0.4736328125 0.03125 0.072265625
0 0.7041015625 0.453125 0.0390625 0.0390625
1 0.6650390625 0.4697265625 0.029296875 0.060546875
1 0.6357421875 0.486328125 0.033203125 0.072265625
0 0.673828125 0.5078125 0.0234375 0.02734375
1 0.7099609375 0.515625 0.04296875 0.08203125
0 0.44140625 0.193359375 0.017578125 0.01953125
1 0.4404296875 0.197265625 0.0390625 0.109375
1 0.4580078125 0.197265625 0.04296875 0.1015625