0 0.3037109375 0.380859375 0.111328125 0.20703125
0 0.28125 0.404296875 0.080078125 0.154296875
0 0.3759765625 0.396484375 0.091796875 0.17578125
0 0.2734375 0.419921875 0.056640625 0.115234375
0 0.259765625 0.4248046875 0.052734375 0.10546875
0 0.353515625 0.4130859375 0.0625 0.1328125
0 0.3330078125 0.419921875 0.052734375 0.119140625
1 0.2626953125 0.4462890625 0.015625 0.02734375
0 0.580078125 0.376953125 0.041015625 0.111328125
1 0.27734375 0.44921875 0.021484375 0.0390625
1 0.31640625 0.4423828125 0.029296875 0.05078125
1 0.6328125 0.37109375 0.056640625 0.123046875
1 0.6953125 0.3642578125 0.064453125 0.1328125
1 0.6025390625 0.3876953125 0.123046875 0.201171875
1 0.33984375 0.4501953125 0.017578125 0.03125
1 0.3828125 0.443359375 0.033203125 0.052734375
1 0.7666015625 0.3623046875 0.07421875 0.142578125
0 0.34375 0.568359375 0.021484375 0.02734375
1 0.3466796875 0.5732421875 0.048828125 0.111328125
0 0.4736328125 0.8046875 0.0234375 0.03125
1 0.48046875 0.8056640625 0.05859375 0.125
0 0.4970703125 0.8173828125 0.017578125 0.029296875
1 0.5087890625 0.82421875 0.056640625 0.1171875
0 0.5556640625 0.8203125 0.033203125 0.033203125
1 0.6015625 0.8095703125 0.060546875 0.048828125
0 0.5302734375 0.830078125 0.02734375 0.037109375
1 0.5380859375 0.837890625 0.0546875 0.123046875
1 0.6494140625 0.818359375 0.05859375 0.052734375
0 0.591796875 0.8359375 0.037109375 0.04296875
1 0.6943359375 0.837890625 0.06640625 0.0546875
1 0.5673828125 0.87109375 0.03125 0.076171875
1 0.642578125 0.8759765625 0.02734375 0.0625
0 0.685546875 0.8681640625 0.044921875 0.048828125
1 0.6064453125 0.890625 0.03515625 0.078125
1 0.69921875 0.9267578125 0.0390625 0.080078125