21 0.1845703125 0.3232421875 0.173828125 0.349609375
64 0.095703125 0.306640625 0.171875 0.3515625
61 0.5927734375 0.419921875 0.1484375 0.310546875
61 0.6708984375 0.4384765625 0.150390625 0.310546875
20 0.177734375 0.345703125 0.072265625 0.166015625
63 0.0986328125 0.3408203125 0.103515625 0.19921875
60 0.7265625 0.4765625 0.05859375 0.123046875
17 0.3369140625 0.3935546875 0.060546875 0.0546875
17 0.3935546875 0.4072265625 0.05859375 0.0546875
58 0.8916015625 0.515625 0.140625 0.244140625
58 0.9375 0.52734375 0.123046875 0.236328125
57 0.8828125 0.521484375 0.05859375 0.060546875
57 0.935546875 0.53515625 0.05859375 0.05859375
18 0.3291015625 0.41015625 0.11328125 0.23046875
21 0.2548828125 0.3935546875 0.138671875 0.240234375
18 0.39453125 0.423828125 0.111328125 0.228515625
61 0.72265625 0.4970703125 0.12109375 0.212890625
17 0.5126953125 0.46875 0.044921875 0.041015625
17 0.455078125 0.45703125 0.044921875 0.041015625
18 0.513671875 0.47265625 0.095703125 0.173828125
18 0.4521484375 0.4619140625 0.095703125 0.177734375
20 0.2509765625 0.4228515625 0.056640625 0.134765625
59 0.578125 0.5068359375 0.0703125 0.048828125
59 0.646484375 0.5234375 0.0703125 0.048828125
16 0.37890625 0.4765625 0.0703125 0.091796875
16 0.322265625 0.4638671875 0.0703125 0.09375
56 0.8623046875 0.5810546875 0.068359375 0.072265625
56 0.9150390625 0.5947265625 0.068359375 0.072265625
16 0.501953125 0.5185546875 0.048828125 0.0625
16 0.4443359375 0.505859375 0.05078125 0.0625
59 0.705078125 0.5693359375 0.060546875 0.04296875
62 0.115234375 0.1787109375 0.08984375 0.060546875
19 0.1943359375 0.2294921875 0.068359375 0.046875
60 0.6044921875 0.3642578125 0.0859375 0.1796875
60 0.67578125 0.3857421875 0.0859375 0.177734375
19 0.2666015625 0.310546875 0.078125 0.052734375