21 0.138671875 0.4794921875 0.18359375 0.3515625
64 0.0712890625 0.5029296875 0.142578125 0.353515625
61 0.548828125 0.3876953125 0.158203125 0.310546875
61 0.626953125 0.3701171875 0.16015625 0.3125
20 0.142578125 0.5029296875 0.076171875 0.166015625
63 0.0693359375 0.533203125 0.109375 0.19921875
60 0.693359375 0.37890625 0.0625 0.125
17 0.306640625 0.4755859375 0.0625 0.056640625
17 0.3642578125 0.4638671875 0.060546875 0.056640625
58 0.859375 0.341796875 0.1484375 0.244140625
58 0.9052734375 0.3330078125 0.130859375 0.236328125
57 0.853515625 0.3515625 0.060546875 0.060546875
57 0.9072265625 0.33984375 0.05859375 0.05859375
18 0.3076171875 0.494140625 0.119140625 0.23046875
21 0.2333984375 0.51171875 0.146484375 0.2421875
18 0.3720703125 0.4775390625 0.1171875 0.228515625
61 0.6982421875 0.400390625 0.126953125 0.21484375
17 0.498046875 0.466796875 0.046875 0.041015625
17 0.4404296875 0.48046875 0.046875 0.041015625
18 0.5009765625 0.4697265625 0.099609375 0.173828125
18 0.4404296875 0.486328125 0.1015625 0.177734375
20 0.2421875 0.5400390625 0.060546875 0.134765625
59 0.5732421875 0.4716796875 0.072265625 0.05078125
59 0.642578125 0.4560546875 0.072265625 0.05078125
16 0.380859375 0.53125 0.072265625 0.09375
16 0.32421875 0.5458984375 0.07421875 0.09375
56 0.861328125 0.4140625 0.0703125 0.07421875
56 0.9150390625 0.40234375 0.0703125 0.07421875
16 0.509765625 0.515625 0.05078125 0.0625
16 0.453125 0.5302734375 0.052734375 0.0625
59 0.71484375 0.47265625 0.060546875 0.044921875
62 0.0283203125 0.37890625 0.056640625 0.0625
19 0.1064453125 0.390625 0.068359375 0.048828125
60 0.53515625 0.33203125 0.091796875 0.181640625
60 0.6083984375 0.3203125 0.091796875 0.177734375
19 0.20703125 0.431640625 0.080078125 0.0546875