50 0.4716796875 0.4267578125 0.02734375 0.0078125
51 0.4716796875 0.447265625 0.0390625 0.0234375
37 0.2275390625 0.4541015625 0.033203125 0.021484375
37 0.2666015625 0.455078125 0.033203125 0.021484375
37 0.3056640625 0.4560546875 0.033203125 0.021484375
39 0.6416015625 0.4501953125 0.03515625 0.017578125
39 0.6845703125 0.4501953125 0.033203125 0.015625
35 0.3466796875 0.4580078125 0.03515625 0.021484375
39 0.7294921875 0.451171875 0.03515625 0.015625
35 0.3857421875 0.458984375 0.03515625 0.021484375
39 0.7744140625 0.4521484375 0.03515625 0.017578125
50 0.5556640625 0.4580078125 0.01953125 0.0078125
50 0.5146484375 0.458984375 0.01953125 0.005859375
48 0.5966796875 0.4609375 0.033203125 0.01953125
52 0.4755859375 0.46875 0.056640625 0.1015625
38 0.232421875 0.4775390625 0.052734375 0.09765625
51 0.517578125 0.474609375 0.029296875 0.017578125
36 0.388671875 0.4765625 0.048828125 0.1015625
36 0.427734375 0.4755859375 0.048828125 0.099609375
38 0.310546875 0.4775390625 0.048828125 0.103515625
38 0.271484375 0.478515625 0.052734375 0.099609375
40 0.638671875 0.47265625 0.046875 0.095703125
36 0.349609375 0.4775390625 0.052734375 0.103515625
51 0.556640625 0.4755859375 0.029296875 0.017578125
40 0.7265625 0.47265625 0.052734375 0.099609375
40 0.68359375 0.4736328125 0.048828125 0.09765625
49 0.59765625 0.478515625 0.044921875 0.0859375
40 0.76953125 0.4755859375 0.0546875 0.1015625
52 0.51953125 0.486328125 0.048828125 0.07421875
52 0.556640625 0.4853515625 0.044921875 0.0703125
50 0.474609375 0.49609375 0.0390625 0.03125
47 0.595703125 0.50390625 0.03125 0.02734375
50 0.517578125 0.5078125 0.03125 0.0234375
50 0.556640625 0.5087890625 0.03125 0.0234375
42 0.212890625 0.2763671875 0.048828125 0.029296875
42 0.263671875 0.275390625 0.046875 0.029296875
43 0.21484375 0.2958984375 0.064453125 0.09375
43 0.26953125 0.296875 0.0703125 0.099609375
41 0.2197265625 0.3212890625 0.033203125 0.021484375
41 0.2685546875 0.322265625 0.033203125 0.01953125