1 0.6513671875 0.3701171875 0.107421875 0.013671875
0 0.525390625 0.380859375 0.068359375 0.01171875
0 0.3642578125 0.4013671875 0.0390625 0.07421875
2 0.3388671875 0.4072265625 0.158203125 0.119140625
1 0.3076171875 0.4150390625 0.041015625 0.076171875
2 0.5908203125 0.4052734375 0.267578125 0.087890625
0 0.525390625 0.4140625 0.076171875 0.05859375
1 0.65625 0.4111328125 0.119140625 0.04296875
2 0.361328125 0.48046875 0.150390625 0.138671875
0 0.38671875 0.482421875 0.037109375 0.07421875
5 0.5986328125 0.4775390625 0.265625 0.1015625
4 0.662109375 0.47265625 0.1328125 0.037109375
1 0.33203125 0.5 0.041015625 0.07421875
3 0.5380859375 0.4853515625 0.103515625 0.076171875
23 0.5234375 0.7490234375 0.05859375 0.0625
24 0.52734375 0.7568359375 0.087890625 0.2578125
23 0.6015625 0.7705078125 0.064453125 0.064453125
24 0.59765625 0.779296875 0.1015625 0.275390625
22 0.5302734375 0.8271484375 0.06640625 0.09765625
22 0.6044921875 0.8525390625 0.07421875 0.099609375