50 0.16796875 0.373046875 0.072265625 0.0234375
39 0.70703125 0.404296875 0.078125 0.017578125
39 0.599609375 0.40234375 0.080078125 0.015625
35 0.060546875 0.39453125 0.08984375 0.033203125
47 0.4873046875 0.427734375 0.060546875 0.025390625
51 0.1650390625 0.427734375 0.10546875 0.06640625
39 0.5966796875 0.44921875 0.083984375 0.044921875
39 0.7099609375 0.453125 0.08203125 0.04296875
39 0.8173828125 0.45703125 0.083984375 0.04296875
39 0.9287109375 0.462890625 0.0859375 0.04296875
50 0.2802734375 0.458984375 0.0546875 0.017578125
50 0.3837890625 0.462890625 0.0546875 0.01953125
48 0.484375 0.474609375 0.083984375 0.05078125
40 0.59375 0.4921875 0.11328125 0.220703125
40 0.705078125 0.49609375 0.11328125 0.220703125
52 0.17578125 0.486328125 0.15625 0.27734375
40 0.8125 0.5 0.12109375 0.21875
40 0.919921875 0.50390625 0.126953125 0.216796875
36 0.0625 0.4912109375 0.125 0.244140625
51 0.28125 0.498046875 0.076171875 0.046875
51 0.384765625 0.501953125 0.078125 0.048828125
49 0.486328125 0.517578125 0.115234375 0.22265625
52 0.2861328125 0.529296875 0.125 0.185546875
52 0.3837890625 0.533203125 0.111328125 0.1875
50 0.1708984375 0.552734375 0.10546875 0.087890625
47 0.4873046875 0.583984375 0.083984375 0.078125
50 0.283203125 0.5859375 0.083984375 0.068359375
50 0.38671875 0.58984375 0.083984375 0.064453125