19 0.263671875 0.39453125 0.0703125 0.041015625
21 0.1884765625 0.4287109375 0.109375 0.328125
64 0.1044921875 0.431640625 0.11328125 0.330078125
61 0.5966796875 0.4140625 0.095703125 0.296875
61 0.6767578125 0.4140625 0.09375 0.294921875
20 0.189453125 0.4501953125 0.044921875 0.16015625
60 0.740234375 0.4345703125 0.037109375 0.119140625
58 0.912109375 0.4306640625 0.1015625 0.23046875
58 0.95703125 0.4296875 0.083984375 0.2265625
23 0.0126953125 0.4638671875 0.025390625 0.048828125
17 0.40625 0.4521484375 0.05078125 0.046875
17 0.349609375 0.4541015625 0.052734375 0.046875
63 0.11328125 0.46484375 0.0703125 0.185546875
57 0.90234375 0.4375 0.05078125 0.052734375
57 0.958984375 0.4375 0.048828125 0.048828125
61 0.7431640625 0.4560546875 0.08203125 0.19921875
18 0.4111328125 0.4697265625 0.072265625 0.21484375
18 0.3466796875 0.4716796875 0.072265625 0.21875
21 0.2724609375 0.4765625 0.09765625 0.224609375
24 0.0419921875 0.484375 0.083984375 0.23046875
17 0.5341796875 0.4814453125 0.041015625 0.03515625
17 0.4755859375 0.4853515625 0.041015625 0.03515625
18 0.5341796875 0.4853515625 0.06640625 0.1640625
18 0.474609375 0.4892578125 0.06640625 0.166015625
20 0.27734375 0.50390625 0.03515625 0.130859375
59 0.60546875 0.5 0.06640625 0.0390625
59 0.67578125 0.5 0.064453125 0.0390625
56 0.8984375 0.501953125 0.056640625 0.064453125
56 0.955078125 0.5 0.056640625 0.064453125
16 0.4091796875 0.5224609375 0.0546875 0.083984375
16 0.3525390625 0.5244140625 0.056640625 0.083984375
16 0.5361328125 0.5302734375 0.041015625 0.056640625
59 0.7431640625 0.5302734375 0.056640625 0.03515625
62 0.0908203125 0.3095703125 0.080078125 0.046875
19 0.177734375 0.3349609375 0.060546875 0.03515625
60 0.5966796875 0.359375 0.0546875 0.171875
60 0.6689453125 0.361328125 0.056640625 0.169921875