50 0.1494140625 0.4453125 0.07421875 0.03515625
39 0.6826171875 0.36328125 0.080078125 0.029296875
39 0.5771484375 0.3837890625 0.08203125 0.029296875
35 0.0478515625 0.48828125 0.09375 0.046875
47 0.47265625 0.431640625 0.064453125 0.03515625
51 0.1572265625 0.4990234375 0.11328125 0.083984375
39 0.583984375 0.4296875 0.08984375 0.05859375
39 0.6953125 0.41015625 0.087890625 0.056640625
39 0.8017578125 0.3916015625 0.08984375 0.056640625
39 0.9111328125 0.3740234375 0.091796875 0.056640625
50 0.2763671875 0.505859375 0.056640625 0.02734375
50 0.3779296875 0.48828125 0.056640625 0.029296875
48 0.4794921875 0.478515625 0.091796875 0.064453125
40 0.58984375 0.47265625 0.1484375 0.236328125
40 0.7001953125 0.453125 0.1484375 0.236328125
52 0.1806640625 0.5537109375 0.201171875 0.298828125
40 0.8056640625 0.4345703125 0.15625 0.234375
40 0.9111328125 0.416015625 0.162109375 0.234375
36 0.0771484375 0.58203125 0.154296875 0.26171875
51 0.28515625 0.5439453125 0.083984375 0.05859375
51 0.3876953125 0.525390625 0.0859375 0.060546875
49 0.490234375 0.51953125 0.15234375 0.23828125
52 0.296875 0.5732421875 0.154296875 0.203125
52 0.3935546875 0.556640625 0.140625 0.203125
50 0.189453125 0.6201171875 0.1171875 0.103515625
47 0.5048828125 0.5849609375 0.095703125 0.08984375
50 0.306640625 0.62890625 0.09375 0.080078125
50 0.408203125 0.611328125 0.091796875 0.076171875