19 0.2958984375 0.3408203125 0.07421875 0.052734375
21 0.21484375 0.35546875 0.162109375 0.337890625
64 0.1328125 0.337890625 0.16796875 0.33984375
61 0.6142578125 0.4404296875 0.14453125 0.306640625
61 0.6923828125 0.458984375 0.142578125 0.3046875
20 0.2109375 0.376953125 0.0703125 0.162109375
60 0.7490234375 0.4951171875 0.056640625 0.12109375
58 0.916015625 0.5322265625 0.138671875 0.240234375
58 0.94921875 0.5419921875 0.1015625 0.236328125
23 0.03515625 0.34765625 0.03515625 0.052734375
17 0.4208984375 0.431640625 0.056640625 0.0546875
17 0.365234375 0.419921875 0.05859375 0.0546875
63 0.1337890625 0.3720703125 0.1015625 0.193359375
57 0.9052734375 0.5361328125 0.05859375 0.060546875
57 0.9609375 0.5498046875 0.0546875 0.0546875
61 0.74609375 0.5166015625 0.11328125 0.208984375
18 0.4208984375 0.44921875 0.107421875 0.220703125
18 0.357421875 0.435546875 0.107421875 0.224609375
21 0.28515625 0.421875 0.1328125 0.234375
24 0.060546875 0.3740234375 0.12109375 0.240234375
17 0.5380859375 0.490234375 0.044921875 0.041015625
17 0.48046875 0.4794921875 0.044921875 0.041015625
18 0.537109375 0.494140625 0.09375 0.171875
18 0.4775390625 0.4833984375 0.09375 0.173828125
20 0.283203125 0.4501953125 0.056640625 0.1328125
59 0.6025390625 0.525390625 0.0703125 0.048828125
59 0.6708984375 0.5419921875 0.068359375 0.048828125
56 0.88671875 0.59765625 0.06640625 0.072265625
56 0.94140625 0.6103515625 0.06640625 0.072265625
16 0.40625 0.5 0.068359375 0.091796875
16 0.3505859375 0.48828125 0.0703125 0.091796875
16 0.5283203125 0.5380859375 0.048828125 0.0625
59 0.728515625 0.5888671875 0.060546875 0.04296875
62 0.1494140625 0.2158203125 0.0859375 0.060546875
19 0.2275390625 0.2626953125 0.064453125 0.044921875
60 0.6279296875 0.3876953125 0.083984375 0.17578125
60 0.697265625 0.40625 0.083984375 0.17578125