50 0.4638671875 0.5185546875 0.068359375 0.037109375
37 0.0771484375 0.5888671875 0.0859375 0.048828125
35 0.265625 0.5654296875 0.080078125 0.052734375
35 0.361328125 0.556640625 0.09765625 0.05078125
51 0.466796875 0.5693359375 0.11328125 0.087890625
47 0.787109375 0.5185546875 0.06640625 0.03515625
37 0.060546875 0.6494140625 0.091796875 0.072265625
35 0.1572265625 0.6357421875 0.095703125 0.0703125
35 0.2568359375 0.6279296875 0.1015625 0.07421875
50 0.583984375 0.583984375 0.0546875 0.029296875
50 0.6884765625 0.5703125 0.05859375 0.033203125
48 0.794921875 0.5654296875 0.099609375 0.072265625
52 0.4931640625 0.6279296875 0.189453125 0.28515625
36 0.271484375 0.6669921875 0.1640625 0.26171875
38 0.0869140625 0.7001953125 0.16015625 0.27734375
36 0.3720703125 0.6513671875 0.16015625 0.2578125
36 0.1806640625 0.689453125 0.17578125 0.2734375
51 0.5927734375 0.6220703125 0.087890625 0.060546875
51 0.6962890625 0.6103515625 0.087890625 0.0625
49 0.8046875 0.6083984375 0.150390625 0.240234375
52 0.60546875 0.650390625 0.1484375 0.203125
52 0.703125 0.640625 0.146484375 0.2109375
50 0.494140625 0.693359375 0.1171875 0.103515625
50 0.6064453125 0.708984375 0.08984375 0.080078125
47 0.8125 0.6767578125 0.09765625 0.09375
50 0.7099609375 0.69921875 0.095703125 0.080078125