1 0.5302734375 0.357421875 0.05859375 0.017578125
0 0.4599609375 0.3515625 0.0390625 0.017578125
2 0.4951171875 0.3583984375 0.1484375 0.03515625
1 0.353515625 0.35546875 0.041015625 0.046875
1 0.5263671875 0.37890625 0.060546875 0.017578125
0 0.4521484375 0.3740234375 0.041015625 0.021484375
2 0.48828125 0.3837890625 0.15234375 0.052734375
1 0.375 0.380859375 0.02734375 0.06640625
0 0.33203125 0.3994140625 0.0390625 0.033203125
2 0.341796875 0.404296875 0.103515625 0.1484375
1 0.3857421875 0.4189453125 0.025390625 0.064453125
1 0.5390625 0.4365234375 0.06640625 0.021484375
0 0.458984375 0.43359375 0.044921875 0.025390625
0 0.3564453125 0.4345703125 0.0234375 0.05078125
2 0.4990234375 0.44921875 0.169921875 0.07421875
2 0.3564453125 0.4423828125 0.099609375 0.150390625
1 0.5361328125 0.4638671875 0.072265625 0.025390625
0 0.4580078125 0.458984375 0.046875 0.029296875
1 0.322265625 0.451171875 0.029296875 0.03515625
5 0.50390625 0.478515625 0.17578125 0.083984375
0 0.369140625 0.47265625 0.021484375 0.048828125
4 0.5380859375 0.4931640625 0.0859375 0.0234375
3 0.4619140625 0.4931640625 0.0625 0.037109375
1 0.3359375 0.4912109375 0.02734375 0.033203125
16 0.7041015625 0.5927734375 0.0390625 0.0390625
23 0.44140625 0.5869140625 0.033203125 0.029296875
24 0.4453125 0.5908203125 0.052734375 0.103515625
18 0.66015625 0.6142578125 0.0703125 0.11328125
18 0.6171875 0.6162109375 0.0703125 0.123046875
24 0.4814453125 0.6044921875 0.056640625 0.123046875
17 0.62890625 0.619140625 0.02734375 0.0234375
17 0.669921875 0.625 0.013671875 0.02734375
23 0.482421875 0.6103515625 0.03515625 0.029296875
22 0.4423828125 0.6181640625 0.041015625 0.04296875
16 0.638671875 0.6416015625 0.021484375 0.041015625
16 0.6162109375 0.6513671875 0.037109375 0.041015625
22 0.4794921875 0.6416015625 0.041015625 0.04296875