19 0.2861328125 0.4873046875 0.033203125 0.015625
60 0.53515625 0.4619140625 0.0390625 0.0703125
60 0.5810546875 0.45703125 0.04296875 0.07421875
19 0.3388671875 0.50390625 0.041015625 0.01953125
58 0.7333984375 0.4619140625 0.0703125 0.1171875
58 0.7724609375 0.45703125 0.076171875 0.11328125
61 0.5859375 0.4794921875 0.0703125 0.123046875
57 0.7353515625 0.462890625 0.037109375 0.033203125
60 0.626953125 0.478515625 0.03125 0.052734375
57 0.7744140625 0.4599609375 0.037109375 0.03125
61 0.5419921875 0.4912109375 0.0625 0.115234375
61 0.6279296875 0.48046875 0.0703125 0.103515625
17 0.4228515625 0.51171875 0.029296875 0.0234375
17 0.3916015625 0.517578125 0.029296875 0.0234375
18 0.4287109375 0.5126953125 0.0546875 0.107421875
20 0.3046875 0.5283203125 0.037109375 0.064453125
18 0.3916015625 0.517578125 0.05859375 0.109375
21 0.349609375 0.5263671875 0.07421875 0.111328125
18 0.5029296875 0.5078125 0.044921875 0.091796875
21 0.302734375 0.5322265625 0.080078125 0.107421875
63 0.2646484375 0.537109375 0.05859375 0.076171875
64 0.2607421875 0.537109375 0.087890625 0.107421875
18 0.46484375 0.5146484375 0.046875 0.09375
24 0.2265625 0.5458984375 0.076171875 0.10546875
17 0.5 0.513671875 0.0234375 0.015625
17 0.466796875 0.521484375 0.0234375 0.013671875
56 0.765625 0.4873046875 0.04296875 0.037109375
56 0.7294921875 0.4931640625 0.04296875 0.0390625
59 0.54296875 0.5166015625 0.041015625 0.021484375
59 0.5859375 0.5126953125 0.041015625 0.01953125
20 0.3583984375 0.544921875 0.025390625 0.052734375
16 0.4296875 0.5380859375 0.0390625 0.046875
16 0.3994140625 0.5439453125 0.041015625 0.046875
59 0.6259765625 0.517578125 0.0390625 0.01953125
16 0.50390625 0.533203125 0.025390625 0.03125
16 0.4697265625 0.541015625 0.02734375 0.029296875