50 0.46484375 0.4287109375 0.02734375 0.009765625
51 0.4677734375 0.4501953125 0.041015625 0.02734375
37 0.224609375 0.4775390625 0.03515625 0.025390625
37 0.263671875 0.4755859375 0.03515625 0.025390625
37 0.302734375 0.4736328125 0.03515625 0.025390625
39 0.63671875 0.4384765625 0.037109375 0.021484375
39 0.6796875 0.43359375 0.03515625 0.01953125
35 0.34375 0.4716796875 0.037109375 0.025390625
39 0.724609375 0.431640625 0.037109375 0.01953125
35 0.3828125 0.46875 0.037109375 0.025390625
39 0.76953125 0.4287109375 0.037109375 0.021484375
50 0.5517578125 0.453125 0.01953125 0.009765625
50 0.51171875 0.4580078125 0.01953125 0.0078125
48 0.5927734375 0.453125 0.03515625 0.0234375
52 0.4736328125 0.4716796875 0.064453125 0.107421875
38 0.2314453125 0.5009765625 0.060546875 0.1015625
51 0.5146484375 0.47265625 0.03125 0.021484375
36 0.38671875 0.486328125 0.056640625 0.10546875
36 0.42578125 0.482421875 0.056640625 0.103515625
38 0.30859375 0.494140625 0.056640625 0.107421875
38 0.2705078125 0.4990234375 0.060546875 0.103515625
40 0.6357421875 0.4599609375 0.0546875 0.099609375
36 0.34765625 0.490234375 0.060546875 0.107421875
51 0.5537109375 0.470703125 0.03125 0.021484375
40 0.72265625 0.453125 0.060546875 0.103515625
40 0.6796875 0.45703125 0.056640625 0.1015625
49 0.5947265625 0.470703125 0.05078125 0.08984375
40 0.765625 0.4521484375 0.0625 0.107421875
52 0.517578125 0.484375 0.0546875 0.078125
52 0.5546875 0.48046875 0.05078125 0.07421875
50 0.474609375 0.4990234375 0.04296875 0.03515625
47 0.595703125 0.49609375 0.033203125 0.03125
50 0.5185546875 0.505859375 0.033203125 0.02734375
50 0.5576171875 0.50390625 0.033203125 0.02734375
42 0.1943359375 0.302734375 0.05078125 0.03515625
42 0.2451171875 0.296875 0.048828125 0.033203125
43 0.1982421875 0.3212890625 0.072265625 0.09765625
43 0.2529296875 0.3173828125 0.078125 0.103515625
41 0.205078125 0.3466796875 0.03515625 0.025390625
41 0.25390625 0.3427734375 0.03515625 0.0234375