1 0.6767578125 0.4072265625 0.107421875 0.0234375
0 0.55078125 0.3896484375 0.068359375 0.017578125
0 0.3896484375 0.3740234375 0.044921875 0.076171875
2 0.3642578125 0.3740234375 0.166015625 0.130859375
1 0.33203125 0.375 0.046875 0.078125
2 0.6103515625 0.4287109375 0.271484375 0.111328125
0 0.5439453125 0.421875 0.080078125 0.0625
1 0.671875 0.4482421875 0.12109375 0.052734375
2 0.369140625 0.44921875 0.16015625 0.150390625
0 0.3935546875 0.45703125 0.04296875 0.076171875
5 0.6005859375 0.5 0.26953125 0.123046875
4 0.6640625 0.509765625 0.1328125 0.046875
1 0.3359375 0.4619140625 0.046875 0.076171875
3 0.5400390625 0.494140625 0.109375 0.0859375
23 0.466796875 0.748046875 0.0625 0.06640625
24 0.4697265625 0.755859375 0.109375 0.26171875
23 0.5380859375 0.787109375 0.068359375 0.068359375
24 0.5322265625 0.7939453125 0.123046875 0.279296875
22 0.4560546875 0.8251953125 0.07421875 0.1015625
22 0.5224609375 0.8671875 0.08203125 0.10546875