21 0.1650390625 0.36328125 0.134765625 0.34375
64 0.0751953125 0.357421875 0.1328125 0.345703125
61 0.58203125 0.4091796875 0.11328125 0.3046875
61 0.662109375 0.41796875 0.115234375 0.3046875
20 0.1611328125 0.3857421875 0.052734375 0.1640625
63 0.08203125 0.390625 0.08203125 0.1953125
60 0.7216796875 0.44921875 0.044921875 0.12109375
17 0.3251953125 0.4140625 0.056640625 0.048828125
17 0.3837890625 0.4208984375 0.0546875 0.048828125
58 0.890625 0.4677734375 0.115234375 0.236328125
58 0.9375 0.4736328125 0.09765625 0.23046875
57 0.8828125 0.474609375 0.052734375 0.0546875
57 0.9365234375 0.4814453125 0.052734375 0.052734375
18 0.3193359375 0.431640625 0.087890625 0.2265625
21 0.244140625 0.4248046875 0.11328125 0.234375
18 0.3857421875 0.4375 0.0859375 0.224609375
61 0.720703125 0.470703125 0.09765625 0.20703125
17 0.5087890625 0.4677734375 0.041015625 0.037109375
17 0.4501953125 0.4619140625 0.041015625 0.037109375
18 0.5107421875 0.4716796875 0.076171875 0.16796875
18 0.4482421875 0.4677734375 0.076171875 0.171875
20 0.2431640625 0.4541015625 0.041015625 0.1328125
59 0.5791015625 0.4970703125 0.068359375 0.04296875
59 0.6484375 0.5048828125 0.068359375 0.04296875
16 0.376953125 0.4912109375 0.0625 0.0859375
16 0.3193359375 0.486328125 0.0625 0.087890625
56 0.869140625 0.5361328125 0.0625 0.06640625
56 0.923828125 0.54296875 0.0625 0.06640625
16 0.50390625 0.517578125 0.04296875 0.05859375
16 0.4462890625 0.5126953125 0.044921875 0.05859375
59 0.7119140625 0.5439453125 0.056640625 0.037109375
62 0.0791015625 0.2275390625 0.0859375 0.052734375
19 0.1630859375 0.2685546875 0.064453125 0.041015625
60 0.5869140625 0.3525390625 0.06640625 0.177734375
60 0.6611328125 0.365234375 0.06640625 0.173828125
19 0.2451171875 0.3408203125 0.076171875 0.044921875