2 0.4384765625 0.2734375 0.2109375 0.08984375
0 0.390625 0.265625 0.06640625 0.052734375
1 0.4853515625 0.2880859375 0.091796875 0.044921875
4 0.486328125 0.3359375 0.107421875 0.04296875
5 0.4384765625 0.3271484375 0.22265625 0.10546875
3 0.3896484375 0.3212890625 0.08984375 0.0703125
17 0.6884765625 0.57421875 0.0390625 0.03515625
18 0.6767578125 0.5859375 0.080078125 0.181640625
17 0.595703125 0.58984375 0.0390625 0.04296875
23 0.3349609375 0.5498046875 0.052734375 0.052734375
18 0.6318359375 0.609375 0.095703125 0.2109375
23 0.3916015625 0.56640625 0.056640625 0.056640625
18 0.5751953125 0.6064453125 0.103515625 0.21484375
16 0.673828125 0.62890625 0.052734375 0.078125
24 0.3359375 0.5654296875 0.1015625 0.216796875
24 0.390625 0.580078125 0.107421875 0.224609375
16 0.60546875 0.6533203125 0.03515625 0.08203125
16 0.5771484375 0.65625 0.052734375 0.09375
22 0.3271484375 0.6201171875 0.06640625 0.083984375
22 0.376953125 0.630859375 0.04296875 0.064453125