20 0.26171875 0.453125 0.072265625 0.037109375
19 0.1787109375 0.44140625 0.056640625 0.02734375
60 0.6650390625 0.517578125 0.07421875 0.125
60 0.5888671875 0.5126953125 0.068359375 0.109375
58 0.9169921875 0.591796875 0.12109375 0.197265625
61 0.6640625 0.556640625 0.12109375 0.21484375
57 0.91796875 0.5966796875 0.0625 0.05859375
57 0.97265625 0.603515625 0.041015625 0.0546875
61 0.5869140625 0.5517578125 0.10546875 0.203125
60 0.734375 0.572265625 0.056640625 0.09765625
58 0.9580078125 0.603515625 0.083984375 0.1796875
61 0.7353515625 0.576171875 0.12109375 0.1875
18 0.3955078125 0.54296875 0.095703125 0.185546875
17 0.3896484375 0.5419921875 0.056640625 0.044921875
18 0.3349609375 0.5361328125 0.103515625 0.1875
20 0.1923828125 0.515625 0.060546875 0.11328125
17 0.3349609375 0.5380859375 0.05859375 0.048828125
21 0.26171875 0.52734375 0.12890625 0.193359375
18 0.5185546875 0.5654296875 0.08203125 0.158203125
21 0.185546875 0.5205078125 0.13671875 0.1875
63 0.1220703125 0.51171875 0.09765625 0.126953125
64 0.115234375 0.5126953125 0.14453125 0.185546875
18 0.4541015625 0.560546875 0.083984375 0.16015625
23 0.0361328125 0.501953125 0.037109375 0.041015625
24 0.0595703125 0.505859375 0.119140625 0.18359375
17 0.5126953125 0.5791015625 0.04296875 0.03515625
17 0.4541015625 0.576171875 0.044921875 0.033203125
56 0.900390625 0.642578125 0.072265625 0.0703125
56 0.9541015625 0.650390625 0.06640625 0.068359375
59 0.5810546875 0.599609375 0.0703125 0.0390625
59 0.6513671875 0.6142578125 0.07421875 0.04296875
20 0.2646484375 0.5634765625 0.052734375 0.091796875
16 0.3876953125 0.5869140625 0.064453125 0.08203125
16 0.3349609375 0.5810546875 0.0703125 0.08203125
59 0.71484375 0.638671875 0.072265625 0.0390625
16 0.5078125 0.609375 0.044921875 0.056640625
16 0.44921875 0.607421875 0.046875 0.0546875