19 0.296875 0.431640625 0.033203125 0.015625
60 0.54296875 0.47265625 0.041015625 0.0703125
60 0.58984375 0.4794921875 0.044921875 0.07421875
19 0.34375 0.4619140625 0.041015625 0.021484375
58 0.7353515625 0.5234375 0.072265625 0.1171875
58 0.7744140625 0.5283203125 0.078125 0.11328125
61 0.5888671875 0.5029296875 0.072265625 0.123046875
57 0.7373046875 0.525390625 0.037109375 0.033203125
60 0.62890625 0.51171875 0.03125 0.0546875
57 0.775390625 0.533203125 0.037109375 0.03125
61 0.54296875 0.501953125 0.064453125 0.115234375
61 0.6279296875 0.513671875 0.072265625 0.10546875
17 0.4228515625 0.4912109375 0.029296875 0.0234375
17 0.3916015625 0.48828125 0.029296875 0.0234375
18 0.427734375 0.494140625 0.056640625 0.109375
20 0.3037109375 0.4765625 0.037109375 0.064453125
18 0.3916015625 0.48828125 0.060546875 0.109375
21 0.34765625 0.486328125 0.076171875 0.111328125
18 0.5009765625 0.5078125 0.046875 0.091796875
21 0.3017578125 0.48046875 0.08203125 0.107421875
63 0.2626953125 0.474609375 0.060546875 0.076171875
64 0.2587890625 0.4736328125 0.08984375 0.109375
18 0.4619140625 0.5048828125 0.048828125 0.09375
24 0.2236328125 0.47265625 0.078125 0.10546875
17 0.49609375 0.513671875 0.0234375 0.015625
17 0.462890625 0.5126953125 0.0234375 0.013671875
56 0.7607421875 0.556640625 0.04296875 0.0390625
56 0.7236328125 0.552734375 0.04296875 0.041015625
59 0.5380859375 0.52734375 0.041015625 0.0234375
59 0.580078125 0.53515625 0.041015625 0.021484375
20 0.3515625 0.5068359375 0.02734375 0.052734375
16 0.4228515625 0.5185546875 0.0390625 0.046875
16 0.3916015625 0.5166015625 0.041015625 0.046875
59 0.6171875 0.5498046875 0.0390625 0.021484375
16 0.4951171875 0.533203125 0.025390625 0.03125
16 0.4599609375 0.5322265625 0.02734375 0.03125