20 0.3623046875 0.369140625 0.037109375 0.1640625
17 0.51171875 0.3876953125 0.048828125 0.0390625
63 0.2822265625 0.373046875 0.072265625 0.19140625
17 0.568359375 0.3935546875 0.05078125 0.041015625
60 0.9111328125 0.4189453125 0.052734375 0.1328125
24 0.2041015625 0.3857421875 0.091796875 0.23828125
21 0.4306640625 0.4052734375 0.099609375 0.232421875
18 0.50390625 0.41015625 0.083984375 0.23046875
18 0.56640625 0.4169921875 0.087890625 0.228515625
61 0.9130859375 0.4404296875 0.10546875 0.21875
17 0.6923828125 0.439453125 0.041015625 0.029296875
17 0.6337890625 0.4345703125 0.041015625 0.029296875
18 0.625 0.4423828125 0.080078125 0.173828125
18 0.6875 0.4482421875 0.080078125 0.17578125
20 0.4384765625 0.4326171875 0.03125 0.134765625
59 0.7626953125 0.4716796875 0.0703125 0.044921875
59 0.8359375 0.478515625 0.072265625 0.04296875
16 0.5048828125 0.4609375 0.060546875 0.09375
16 0.5595703125 0.46484375 0.0625 0.095703125
16 0.6865234375 0.4912109375 0.048828125 0.06640625
16 0.6259765625 0.4873046875 0.046875 0.0625
59 0.8984375 0.51953125 0.0625 0.04296875
62 0.279296875 0.21484375 0.078125 0.048828125
19 0.3603515625 0.2509765625 0.060546875 0.041015625
60 0.7705078125 0.3232421875 0.0703125 0.189453125
60 0.8486328125 0.33203125 0.07421875 0.189453125
19 0.4365234375 0.3212890625 0.0703125 0.044921875
64 0.2763671875 0.337890625 0.119140625 0.345703125
21 0.3564453125 0.3447265625 0.111328125 0.3359375
61 0.7666015625 0.3837890625 0.125 0.3203125
61 0.8505859375 0.3896484375 0.126953125 0.3203125