19 0.3017578125 0.41796875 0.033203125 0.017578125
60 0.544921875 0.4755859375 0.044921875 0.072265625
60 0.5908203125 0.4853515625 0.048828125 0.076171875
19 0.3466796875 0.451171875 0.041015625 0.0234375
58 0.7333984375 0.5400390625 0.078125 0.12109375
58 0.771484375 0.5478515625 0.0859375 0.1171875
61 0.587890625 0.5087890625 0.080078125 0.126953125
57 0.734375 0.5419921875 0.0390625 0.03515625
60 0.626953125 0.521484375 0.03515625 0.0546875
57 0.7724609375 0.5517578125 0.0390625 0.033203125
61 0.54296875 0.5048828125 0.0703125 0.1171875
61 0.626953125 0.5234375 0.078125 0.107421875
17 0.4228515625 0.4853515625 0.03125 0.025390625
17 0.392578125 0.4814453125 0.03125 0.025390625
18 0.4287109375 0.4892578125 0.064453125 0.109375
20 0.306640625 0.462890625 0.041015625 0.064453125
18 0.392578125 0.4814453125 0.06640625 0.111328125
21 0.349609375 0.4755859375 0.08203125 0.11328125
18 0.5 0.5078125 0.052734375 0.09375
21 0.3037109375 0.4658203125 0.087890625 0.111328125
63 0.265625 0.4580078125 0.064453125 0.080078125
64 0.26171875 0.45703125 0.095703125 0.11328125
18 0.4619140625 0.501953125 0.0546875 0.095703125
24 0.2265625 0.4541015625 0.083984375 0.109375
17 0.4951171875 0.5126953125 0.0234375 0.017578125
17 0.4619140625 0.509765625 0.0234375 0.015625
56 0.755859375 0.57421875 0.044921875 0.041015625
56 0.71875 0.568359375 0.044921875 0.04296875
59 0.5361328125 0.529296875 0.041015625 0.025390625
59 0.5771484375 0.5400390625 0.041015625 0.0234375
20 0.3505859375 0.49609375 0.029296875 0.0546875
16 0.4208984375 0.513671875 0.041015625 0.048828125
16 0.390625 0.5087890625 0.04296875 0.048828125
59 0.61328125 0.5576171875 0.0390625 0.0234375
16 0.4931640625 0.5322265625 0.02734375 0.033203125
16 0.4580078125 0.529296875 0.029296875 0.03125