50 0.486328125 0.421875 0.02734375 0.01171875
51 0.482421875 0.443359375 0.04296875 0.029296875
37 0.2412109375 0.4033203125 0.037109375 0.02734375
37 0.279296875 0.4111328125 0.037109375 0.02734375
37 0.3173828125 0.419921875 0.037109375 0.02734375
39 0.6484375 0.478515625 0.037109375 0.0234375
39 0.6904296875 0.486328125 0.03515625 0.021484375
35 0.357421875 0.4296875 0.0390625 0.02734375
39 0.734375 0.49609375 0.037109375 0.021484375
35 0.3955078125 0.4384765625 0.0390625 0.02734375
39 0.7783203125 0.505859375 0.037109375 0.0234375
50 0.5625 0.4697265625 0.021484375 0.01171875
50 0.5224609375 0.4619140625 0.01953125 0.009765625
48 0.6025390625 0.48046875 0.03515625 0.025390625
52 0.482421875 0.46484375 0.072265625 0.109375
38 0.2412109375 0.4267578125 0.06640625 0.10546875
51 0.521484375 0.478515625 0.03125 0.021484375
36 0.39453125 0.4560546875 0.064453125 0.107421875
36 0.43359375 0.462890625 0.0625 0.10546875
38 0.3173828125 0.4423828125 0.064453125 0.109375
38 0.279296875 0.435546875 0.06640625 0.107421875
40 0.640625 0.4990234375 0.060546875 0.1015625
36 0.3564453125 0.44921875 0.068359375 0.111328125
51 0.5595703125 0.486328125 0.03125 0.021484375
40 0.7275390625 0.5166015625 0.06640625 0.107421875
40 0.6845703125 0.5087890625 0.0625 0.103515625
49 0.599609375 0.498046875 0.056640625 0.091796875
40 0.7685546875 0.52734375 0.0703125 0.109375
52 0.521484375 0.490234375 0.05859375 0.08203125
52 0.55859375 0.49609375 0.0546875 0.076171875
50 0.4755859375 0.4921875 0.04296875 0.037109375
47 0.5927734375 0.5224609375 0.03515625 0.033203125
50 0.515625 0.5107421875 0.03515625 0.029296875
50 0.5537109375 0.51953125 0.03515625 0.029296875
42 0.2607421875 0.2255859375 0.052734375 0.037109375
42 0.310546875 0.234375 0.05078125 0.037109375
43 0.259765625 0.2451171875 0.078125 0.1015625
43 0.3125 0.2568359375 0.083984375 0.107421875
41 0.2587890625 0.271484375 0.037109375 0.02734375
41 0.306640625 0.28125 0.03515625 0.025390625