2 0.3818359375 0.296875 0.208984375 0.064453125
0 0.3330078125 0.3017578125 0.060546875 0.046875
1 0.4306640625 0.298828125 0.08984375 0.03515625
4 0.4443359375 0.345703125 0.107421875 0.03125
5 0.3955078125 0.3486328125 0.21875 0.08203125
3 0.3466796875 0.3564453125 0.083984375 0.0625
17 0.701171875 0.5234375 0.03515625 0.03125
18 0.6923828125 0.537109375 0.05859375 0.177734375
17 0.6162109375 0.5625 0.03515625 0.0390625
23 0.353515625 0.5908203125 0.048828125 0.048828125
18 0.6552734375 0.5712890625 0.072265625 0.20703125
23 0.412109375 0.591796875 0.052734375 0.052734375
18 0.599609375 0.5830078125 0.078125 0.2109375
16 0.701171875 0.580078125 0.044921875 0.07421875
24 0.3583984375 0.60546875 0.076171875 0.212890625
24 0.4150390625 0.60546875 0.083984375 0.21875
16 0.6416015625 0.62109375 0.025390625 0.08203125
16 0.615234375 0.630859375 0.04296875 0.08984375
22 0.3642578125 0.66015625 0.05859375 0.080078125
22 0.4150390625 0.658203125 0.037109375 0.060546875