41 0.3125 0.3876953125 0.078125 0.048828125
41 0.42578125 0.3994140625 0.078125 0.048828125
35 0.615234375 0.65625 0.080078125 0.033203125
37 0.494140625 0.671875 0.06640625 0.033203125
35 0.5771484375 0.6845703125 0.083984375 0.02734375
50 0.8935546875 0.703125 0.072265625 0.029296875
35 0.6845703125 0.7001953125 0.076171875 0.046875
35 0.7861328125 0.712890625 0.08984375 0.041015625
37 0.2841796875 0.701171875 0.080078125 0.05859375
37 0.373046875 0.71484375 0.078125 0.060546875
37 0.46484375 0.7255859375 0.080078125 0.05859375
35 0.56640625 0.7392578125 0.087890625 0.0625
51 0.8876953125 0.755859375 0.109375 0.076171875
35 0.6630859375 0.755859375 0.095703125 0.064453125
38 0.2939453125 0.7509765625 0.130859375 0.236328125
38 0.3896484375 0.7578125 0.134765625 0.228515625
38 0.4755859375 0.7626953125 0.126953125 0.224609375
52 0.8984375 0.783203125 0.15625 0.216796875
36 0.576171875 0.7744140625 0.134765625 0.2109375
36 0.67578125 0.77734375 0.138671875 0.2109375
36 0.771484375 0.78515625 0.126953125 0.203125
50 0.8837890625 0.86328125 0.1015625 0.052734375
42 0.314453125 0.2822265625 0.107421875 0.07421875
42 0.4287109375 0.2919921875 0.109375 0.07421875
43 0.3203125 0.3330078125 0.15625 0.2265625
43 0.443359375 0.341796875 0.15234375 0.232421875