20 0.384765625 0.3486328125 0.060546875 0.1640625
17 0.529296875 0.390625 0.052734375 0.044921875
63 0.3046875 0.3408203125 0.099609375 0.1953125
17 0.583984375 0.4052734375 0.056640625 0.046875
60 0.9189453125 0.484375 0.072265625 0.13671875
24 0.2265625 0.3408203125 0.126953125 0.24609375
21 0.4462890625 0.3955078125 0.1328125 0.240234375
18 0.5185546875 0.412109375 0.1171875 0.236328125
18 0.5791015625 0.427734375 0.12109375 0.234375
61 0.91796875 0.505859375 0.13671875 0.228515625
17 0.69921875 0.4697265625 0.044921875 0.03515625
17 0.642578125 0.45703125 0.044921875 0.03515625
18 0.6328125 0.462890625 0.10546875 0.181640625
18 0.693359375 0.478515625 0.10546875 0.18359375
20 0.44921875 0.423828125 0.05078125 0.134765625
59 0.763671875 0.5126953125 0.076171875 0.0546875
59 0.8359375 0.53125 0.078125 0.0546875
16 0.5107421875 0.4619140625 0.07421875 0.099609375
16 0.564453125 0.474609375 0.076171875 0.1015625
16 0.685546875 0.5205078125 0.05859375 0.0703125
16 0.626953125 0.5068359375 0.0546875 0.068359375
59 0.8896484375 0.58203125 0.068359375 0.05078125
62 0.326171875 0.18359375 0.083984375 0.05859375
19 0.4013671875 0.232421875 0.06640625 0.048828125
60 0.794921875 0.3681640625 0.09765625 0.193359375
60 0.8701171875 0.388671875 0.1015625 0.1953125
19 0.46484375 0.3134765625 0.076171875 0.0546875
64 0.3046875 0.3046875 0.169921875 0.353515625
21 0.3818359375 0.32421875 0.16015625 0.341796875
61 0.78125 0.4267578125 0.171875 0.330078125
61 0.86328125 0.4453125 0.173828125 0.330078125