1 0.544921875 0.361328125 0.060546875 0.0234375
0 0.4755859375 0.34765625 0.0390625 0.01953125
2 0.509765625 0.3583984375 0.1484375 0.05078125
1 0.3701171875 0.341796875 0.044921875 0.048828125
1 0.5390625 0.3818359375 0.0625 0.0234375
0 0.4658203125 0.3701171875 0.041015625 0.025390625
2 0.5009765625 0.3828125 0.154296875 0.06640625
1 0.388671875 0.369140625 0.033203125 0.06640625
0 0.34375 0.3818359375 0.04296875 0.03515625
2 0.3525390625 0.3876953125 0.1171875 0.15625
1 0.39453125 0.408203125 0.03125 0.064453125
1 0.544921875 0.44140625 0.06640625 0.02734375
0 0.4658203125 0.4296875 0.046875 0.029296875
0 0.3642578125 0.419921875 0.029296875 0.05078125
2 0.50390625 0.44921875 0.173828125 0.091796875
2 0.36328125 0.427734375 0.11328125 0.15625
1 0.5400390625 0.4677734375 0.072265625 0.033203125
0 0.462890625 0.455078125 0.048828125 0.033203125
1 0.328125 0.4326171875 0.033203125 0.037109375
5 0.505859375 0.4794921875 0.1796875 0.1015625
0 0.373046875 0.458984375 0.025390625 0.048828125
4 0.5380859375 0.4970703125 0.0859375 0.03125
3 0.4619140625 0.48828125 0.064453125 0.04296875
1 0.337890625 0.474609375 0.03125 0.03515625
16 0.693359375 0.61328125 0.041015625 0.04296875
23 0.4326171875 0.580078125 0.03515625 0.033203125
24 0.435546875 0.5849609375 0.0625 0.10546875
18 0.6474609375 0.6298828125 0.080078125 0.119140625
18 0.6044921875 0.6279296875 0.08203125 0.12890625
24 0.470703125 0.6015625 0.068359375 0.125
17 0.615234375 0.6318359375 0.029296875 0.025390625
17 0.6552734375 0.6416015625 0.017578125 0.029296875
23 0.470703125 0.607421875 0.037109375 0.033203125
22 0.4306640625 0.6123046875 0.04296875 0.044921875
16 0.623046875 0.6552734375 0.025390625 0.041015625
16 0.599609375 0.6630859375 0.041015625 0.044921875
22 0.46484375 0.638671875 0.04296875 0.044921875