41 0.3369140625 0.3544921875 0.083984375 0.0625
41 0.4462890625 0.3876953125 0.083984375 0.0625
35 0.583984375 0.67578125 0.083984375 0.048828125
37 0.4609375 0.6669921875 0.0703125 0.044921875
35 0.541015625 0.6962890625 0.087890625 0.04296875
50 0.84765625 0.7744140625 0.076171875 0.04296875
35 0.642578125 0.7314453125 0.08203125 0.060546875
35 0.740234375 0.763671875 0.09375 0.056640625
37 0.2490234375 0.65625 0.087890625 0.072265625
37 0.3349609375 0.6865234375 0.087890625 0.07421875
37 0.4228515625 0.71484375 0.087890625 0.072265625
35 0.51953125 0.7470703125 0.09765625 0.076171875
51 0.83203125 0.8251953125 0.12109375 0.09375
35 0.611328125 0.7822265625 0.10546875 0.080078125
38 0.25 0.70703125 0.171875 0.25390625
38 0.341796875 0.732421875 0.173828125 0.248046875
38 0.42578125 0.7529296875 0.166015625 0.2421875
52 0.8369140625 0.8544921875 0.19140625 0.23828125
36 0.5224609375 0.7841796875 0.169921875 0.23046875
36 0.6201171875 0.806640625 0.173828125 0.23046875
36 0.7119140625 0.83203125 0.16015625 0.220703125
50 0.8076171875 0.9296875 0.107421875 0.0703125
42 0.359375 0.2509765625 0.119140625 0.091796875
42 0.4697265625 0.2822265625 0.12109375 0.091796875
43 0.35546875 0.3017578125 0.193359375 0.248046875
43 0.474609375 0.333984375 0.19140625 0.25390625