37 0.3154296875 0.4130859375 0.076171875 0.037109375
50 0.7119140625 0.404296875 0.072265625 0.0234375
35 0.5068359375 0.421875 0.072265625 0.04296875
35 0.6025390625 0.427734375 0.095703125 0.041015625
50 0.8330078125 0.423828125 0.056640625 0.025390625
37 0.099609375 0.4609375 0.080078125 0.05859375
37 0.1962890625 0.4658203125 0.078125 0.060546875
37 0.2919921875 0.4697265625 0.08203125 0.05859375
51 0.7099609375 0.458984375 0.103515625 0.07421875
35 0.3896484375 0.470703125 0.08984375 0.060546875
35 0.4873046875 0.478515625 0.09375 0.05859375
50 0.822265625 0.48828125 0.056640625 0.021484375
50 0.9296875 0.4912109375 0.060546875 0.02734375
38 0.11328125 0.51953125 0.12890625 0.2578125
38 0.2138671875 0.521484375 0.13671875 0.263671875
38 0.3037109375 0.5244140625 0.134765625 0.26953125
36 0.4052734375 0.5263671875 0.138671875 0.2734375
52 0.7216796875 0.517578125 0.154296875 0.26953125
36 0.4951171875 0.52734375 0.126953125 0.263671875
36 0.5966796875 0.5244140625 0.123046875 0.25390625
51 0.8251953125 0.529296875 0.08203125 0.05078125
51 0.9306640625 0.5322265625 0.0859375 0.052734375
52 0.830078125 0.55859375 0.125 0.197265625
52 0.9326171875 0.5654296875 0.12890625 0.203125
50 0.7099609375 0.5830078125 0.109375 0.091796875
50 0.82421875 0.619140625 0.087890625 0.072265625
50 0.9306640625 0.6240234375 0.091796875 0.07421875