1 0.62890625 0.34765625 0.10546875 0.029296875
0 0.505859375 0.3779296875 0.068359375 0.0234375
0 0.3505859375 0.4248046875 0.048828125 0.078125
2 0.326171875 0.43359375 0.171875 0.140625
1 0.296875 0.4462890625 0.05078125 0.080078125
2 0.5751953125 0.392578125 0.2734375 0.126953125
0 0.51171875 0.4111328125 0.08203125 0.068359375
1 0.640625 0.3876953125 0.123046875 0.060546875
2 0.3603515625 0.501953125 0.16796875 0.158203125
0 0.3857421875 0.5 0.046875 0.078125
5 0.59375 0.4619140625 0.271484375 0.140625
4 0.65625 0.4482421875 0.1328125 0.056640625
1 0.333984375 0.5263671875 0.05078125 0.078125
3 0.53515625 0.4794921875 0.11328125 0.091796875
23 0.5615234375 0.7421875 0.06640625 0.0703125
24 0.5673828125 0.7490234375 0.125 0.263671875
23 0.642578125 0.751953125 0.072265625 0.072265625
24 0.640625 0.7607421875 0.140625 0.28125
22 0.5810546875 0.818359375 0.080078125 0.10546875
22 0.6591796875 0.83203125 0.087890625 0.109375