51 0.6796875 0.4169921875 0.068359375 0.03125
51 0.5927734375 0.41796875 0.068359375 0.03125
51 0.5126953125 0.423828125 0.056640625 0.02734375
51 0.4423828125 0.4267578125 0.056640625 0.02734375
45 0.2919921875 0.43359375 0.05859375 0.02734375
42 0.2119140625 0.4482421875 0.08203125 0.03515625
52 0.5126953125 0.4609375 0.07421875 0.115234375
52 0.6728515625 0.4658203125 0.099609375 0.130859375
52 0.5908203125 0.46484375 0.095703125 0.1328125
52 0.4443359375 0.4638671875 0.072265625 0.115234375
43 0.2138671875 0.4599609375 0.107421875 0.142578125
46 0.2978515625 0.46484375 0.080078125 0.126953125
50 0.51171875 0.48046875 0.056640625 0.037109375
50 0.66796875 0.4833984375 0.068359375 0.044921875
50 0.443359375 0.4814453125 0.056640625 0.037109375
50 0.5859375 0.484375 0.068359375 0.04296875
44 0.296875 0.490234375 0.056640625 0.0390625
41 0.216796875 0.5029296875 0.0546875 0.021484375
42 0.556640625 0.6201171875 0.068359375 0.03125
42 0.47265625 0.623046875 0.068359375 0.03125
43 0.5537109375 0.6455078125 0.08984375 0.08984375
43 0.4736328125 0.646484375 0.087890625 0.08984375
41 0.5498046875 0.6689453125 0.046875 0.01953125
41 0.4697265625 0.6689453125 0.046875 0.017578125