5 0.40625 0.4951171875 0.181640625 0.140625
4 0.443359375 0.4931640625 0.052734375 0.111328125
7 0.34765625 0.5078125 0.08984375 0.021484375
8 0.3291015625 0.5166015625 0.16796875 0.126953125
64 0.60546875 0.53515625 0.23046875 0.162109375
5 0.7421875 0.5341796875 0.08203125 0.11328125
4 0.751953125 0.5361328125 0.033203125 0.080078125
21 0.5517578125 0.5498046875 0.15625 0.17578125
63 0.6669921875 0.5458984375 0.0859375 0.091796875
20 0.5615234375 0.5634765625 0.10546875 0.119140625
2 0.3134765625 0.599609375 0.171875 0.171875
4 0.4482421875 0.5927734375 0.10546875 0.05859375
5 0.4443359375 0.6005859375 0.125 0.11328125
1 0.328125 0.6181640625 0.119140625 0.056640625