4 0.6376953125 0.4853515625 0.060546875 0.0390625
5 0.5888671875 0.4853515625 0.1796875 0.126953125
7 0.4599609375 0.4755859375 0.095703125 0.046875
3 0.572265625 0.4912109375 0.05078125 0.064453125
63 0.6884765625 0.53515625 0.099609375 0.083984375
8 0.3701171875 0.5 0.33984375 0.21875
6 0.328125 0.5068359375 0.109375 0.10546875
64 0.6474609375 0.5478515625 0.22265625 0.18359375
62 0.6015625 0.5576171875 0.0390625 0.087890625
1 0.4970703125 0.57421875 0.09765625 0.078125
20 0.669921875 0.60546875 0.103515625 0.08203125
2 0.365234375 0.58984375 0.396484375 0.234375
21 0.6279296875 0.6279296875 0.21875 0.1875
0 0.349609375 0.603515625 0.09375 0.09765625
19 0.5810546875 0.6416015625 0.041015625 0.083984375
1 0.2109375 0.5986328125 0.072265625 0.080078125
4 0.4775390625 0.63671875 0.107421875 0.078125
5 0.353515625 0.6650390625 0.3984375 0.25
3 0.337890625 0.6806640625 0.095703125 0.09375
4 0.4638671875 0.6982421875 0.10546875 0.08203125
4 0.197265625 0.677734375 0.068359375 0.095703125
5 0.33984375 0.73046875 0.388671875 0.26953125
3 0.3251953125 0.75390625 0.091796875 0.091796875
4 0.1875 0.7548828125 0.06640625 0.09765625