6 0.3662109375 0.2958984375 0.048828125 0.033203125
40 0.705078125 0.3603515625 0.12109375 0.146484375
6 0.3427734375 0.328125 0.029296875 0.05078125
7 0.419921875 0.3427734375 0.048828125 0.04296875
8 0.3916015625 0.3515625 0.162109375 0.1640625
38 0.7373046875 0.3916015625 0.13671875 0.150390625
7 0.376953125 0.361328125 0.041015625 0.048828125
39 0.666015625 0.3994140625 0.03125 0.03125
3 0.3388671875 0.3671875 0.029296875 0.05078125
36 0.765625 0.423828125 0.130859375 0.15234375
7 0.4326171875 0.39453125 0.044921875 0.017578125
37 0.7001953125 0.4267578125 0.037109375 0.044921875
5 0.3857421875 0.3955078125 0.15625 0.15625
50 0.8125 0.4443359375 0.05859375 0.068359375
52 0.8115234375 0.4541015625 0.16015625 0.18359375
4 0.3720703125 0.412109375 0.044921875 0.060546875
35 0.7294921875 0.4609375 0.041015625 0.044921875
5 0.3740234375 0.4453125 0.1484375 0.189453125
44 0.853515625 0.5 0.052734375 0.060546875
3 0.3369140625 0.447265625 0.02734375 0.048828125
46 0.8330078125 0.50390625 0.1015625 0.15234375
51 0.76953125 0.4970703125 0.056640625 0.0625
4 0.3828125 0.4755859375 0.0546875 0.072265625
5 0.3603515625 0.4833984375 0.126953125 0.18359375
0 0.4609375 0.498046875 0.044921875 0.0703125
45 0.8173828125 0.541015625 0.052734375 0.052734375
4 0.375 0.5126953125 0.05078125 0.072265625
2 0.5419921875 0.5478515625 0.2890625 0.29296875
62 0.4443359375 0.546875 0.03515625 0.06640625
1 0.5703125 0.5625 0.15234375 0.134765625
1 0.5439453125 0.6083984375 0.095703125 0.111328125
19 0.431640625 0.6044921875 0.03125 0.060546875
64 0.5625 0.654296875 0.380859375 0.384765625
63 0.5458984375 0.66015625 0.169921875 0.19921875
21 0.5361328125 0.7021484375 0.345703125 0.37109375
20 0.521484375 0.728515625 0.162109375 0.203125
34 0.259765625 0.166015625 0.076171875 0.1015625
33 0.2607421875 0.1767578125 0.05078125 0.02734375