4 0.6318359375 0.45703125 0.05859375 0.037109375
5 0.5830078125 0.466796875 0.17578125 0.12109375
7 0.455078125 0.484375 0.09375 0.04296875
3 0.568359375 0.4765625 0.048828125 0.064453125
63 0.69140625 0.4951171875 0.09765625 0.08203125
8 0.373046875 0.5263671875 0.333984375 0.208984375
6 0.3330078125 0.5419921875 0.107421875 0.1015625
64 0.654296875 0.515625 0.21875 0.177734375
62 0.611328125 0.53515625 0.037109375 0.0859375
1 0.5126953125 0.5732421875 0.095703125 0.076171875
20 0.6884765625 0.5673828125 0.1015625 0.078125
2 0.38671875 0.6162109375 0.392578125 0.220703125
21 0.6513671875 0.5986328125 0.21484375 0.181640625
0 0.3740234375 0.6328125 0.091796875 0.095703125
19 0.6083984375 0.6220703125 0.0390625 0.08203125
1 0.2373046875 0.65625 0.0703125 0.078125
4 0.505859375 0.638671875 0.10546875 0.07421875
5 0.3916015625 0.69140625 0.392578125 0.236328125
3 0.37890625 0.7109375 0.09375 0.091796875
4 0.505859375 0.701171875 0.103515625 0.078125
4 0.240234375 0.736328125 0.06640625 0.09375
5 0.3916015625 0.7587890625 0.380859375 0.2578125
3 0.3818359375 0.78515625 0.08984375 0.08984375
4 0.2470703125 0.814453125 0.0625 0.095703125