8 0.6416015625 0.509765625 0.24609375 0.123046875
4 0.404296875 0.4697265625 0.1015625 0.04296875
5 0.34375 0.4658203125 0.267578125 0.13671875
2 0.6552734375 0.583984375 0.3046875 0.15234375
58 0.1708984375 0.49609375 0.16015625 0.32421875
1 0.716796875 0.603515625 0.146484375 0.07421875
4 0.43359375 0.552734375 0.13671875 0.056640625
57 0.1611328125 0.50390625 0.08203125 0.08203125
5 0.3642578125 0.54296875 0.32421875 0.16015625
64 0.7783203125 0.673828125 0.37890625 0.1875
63 0.6591796875 0.662109375 0.087890625 0.08984375
21 0.400390625 0.6337890625 0.4140625 0.185546875
56 0.154296875 0.58984375 0.09375 0.107421875
20 0.2646484375 0.615234375 0.1015625 0.08984375