42 0.2294921875 0.4189453125 0.033203125 0.015625
41 0.2021484375 0.419921875 0.025390625 0.017578125
42 0.298828125 0.4296875 0.033203125 0.017578125
41 0.26953125 0.4287109375 0.02734375 0.017578125
41 0.23828125 0.43359375 0.025390625 0.017578125
42 0.2080078125 0.43359375 0.033203125 0.015625
42 0.306640625 0.4521484375 0.033203125 0.015625
41 0.27734375 0.451171875 0.025390625 0.017578125
41 0.2431640625 0.45703125 0.025390625 0.01953125
42 0.2138671875 0.4560546875 0.033203125 0.017578125
42 0.298828125 0.470703125 0.060546875 0.02734375
43 0.2978515625 0.484375 0.099609375 0.115234375
42 0.232421875 0.4873046875 0.0703125 0.04296875
43 0.2314453125 0.4951171875 0.10546875 0.1171875
41 0.3046875 0.5126953125 0.0390625 0.021484375
41 0.240234375 0.525390625 0.04296875 0.021484375