2 0.7421875 0.2509765625 0.1953125 0.19140625
1 0.7724609375 0.2529296875 0.09375 0.083984375
0 0.818359375 0.275390625 0.037109375 0.0546875
63 0.9052734375 0.767578125 0.0625 0.09375
20 0.9140625 0.8271484375 0.060546875 0.091796875
3 0.427734375 0.16796875 0.02734375 0.044921875
5 0.462890625 0.1650390625 0.115234375 0.09765625
4 0.458984375 0.171875 0.0390625 0.0390625
3 0.5029296875 0.189453125 0.03125 0.05078125
5 0.5498046875 0.189453125 0.14453125 0.126953125
4 0.544921875 0.197265625 0.05078125 0.046875