20 0.5107421875 0.42578125 0.0625 0.017578125
20 0.48046875 0.4345703125 0.06640625 0.01953125
19 0.646484375 0.4560546875 0.046875 0.03125
63 0.5908203125 0.4658203125 0.01953125 0.0390625
64 0.564453125 0.498046875 0.078125 0.142578125
21 0.65234375 0.5029296875 0.087890625 0.15625
18 0.4296875 0.5009765625 0.05078125 0.16796875
17 0.396484375 0.50390625 0.04296875 0.0390625
18 0.396484375 0.509765625 0.0625 0.171875
21 0.4765625 0.5126953125 0.09375 0.1796875
64 0.5341796875 0.5224609375 0.083984375 0.173828125
63 0.4716796875 0.5302734375 0.033203125 0.115234375
64 0.4892578125 0.541015625 0.099609375 0.193359375
16 0.39453125 0.5546875 0.046875 0.064453125
62 0.466796875 0.6181640625 0.048828125 0.029296875