62 0.3974609375 0.5009765625 0.0703125 0.05078125
20 0.3408203125 0.53125 0.099609375 0.076171875
63 0.5283203125 0.5576171875 0.189453125 0.146484375
64 0.5009765625 0.57421875 0.34765625 0.318359375
4 0.384765625 0.6181640625 0.115234375 0.099609375
21 0.44921875 0.6279296875 0.365234375 0.34375
4 0.3583984375 0.6591796875 0.0859375 0.0859375
5 0.4384765625 0.6689453125 0.283203125 0.27734375
3 0.5009765625 0.6689453125 0.09375 0.099609375
6 0.314453125 0.7060546875 0.07421875 0.076171875
20 0.591796875 0.71484375 0.0625 0.0859375
7 0.4287109375 0.7509765625 0.08984375 0.083984375
4 0.54296875 0.73828125 0.060546875 0.0703125
8 0.388671875 0.763671875 0.27734375 0.283203125
4 0.5439453125 0.763671875 0.05859375 0.076171875
4 0.5419921875 0.7919921875 0.060546875 0.072265625