41 0.3701171875 0.48046875 0.041015625 0.015625
42 0.5078125 0.4990234375 0.056640625 0.01953125
41 0.455078125 0.498046875 0.044921875 0.017578125
41 0.3994140625 0.5029296875 0.046875 0.01953125
42 0.3408203125 0.501953125 0.064453125 0.01953125
42 0.494140625 0.548828125 0.09765625 0.076171875
42 0.3046875 0.5361328125 0.02734375 0.04296875
42 0.376953125 0.5595703125 0.111328125 0.0859375
43 0.4755859375 0.578125 0.1484375 0.205078125
43 0.3623046875 0.599609375 0.169921875 0.236328125
41 0.484375 0.6337890625 0.06640625 0.044921875
41 0.37109375 0.6533203125 0.083984375 0.048828125