51 0.4619140625 0.3857421875 0.12890625 0.09375
39 0.1005859375 0.4638671875 0.099609375 0.064453125
39 0.1064453125 0.4814453125 0.1015625 0.095703125
48 0.7041015625 0.380859375 0.1015625 0.072265625
45 0.5908203125 0.40234375 0.1015625 0.07421875
42 0.837890625 0.384765625 0.140625 0.10546875
52 0.482421875 0.4814453125 0.1953125 0.33203125
40 0.125 0.5654296875 0.19140625 0.314453125
38 0.240234375 0.546875 0.1875 0.302734375
36 0.361328125 0.5234375 0.1796875 0.30078125
49 0.7197265625 0.462890625 0.1640625 0.26953125
46 0.6083984375 0.4853515625 0.16015625 0.26953125
43 0.849609375 0.4482421875 0.193359375 0.2578125
50 0.4921875 0.529296875 0.1328125 0.123046875
44 0.6142578125 0.5234375 0.103515625 0.09765625
47 0.7255859375 0.501953125 0.10546875 0.1015625
41 0.857421875 0.50390625 0.1015625 0.0703125