20 0.345703125 0.33203125 0.083984375 0.05078125
63 0.40234375 0.3642578125 0.11328125 0.068359375
62 0.3759765625 0.4697265625 0.0390625 0.05859375
21 0.37109375 0.47265625 0.169921875 0.357421875
64 0.423828125 0.501953125 0.185546875 0.36328125
4 0.5634765625 0.505859375 0.078125 0.060546875
20 0.349609375 0.5380859375 0.0390625 0.16015625
4 0.5166015625 0.537109375 0.080078125 0.064453125
63 0.3916015625 0.564453125 0.0390625 0.12890625
4 0.4306640625 0.5947265625 0.0234375 0.078125
1 0.578125 0.5888671875 0.072265625 0.07421875
3 0.4853515625 0.6064453125 0.060546875 0.08203125
5 0.4482421875 0.6201171875 0.0859375 0.220703125
0 0.548828125 0.6435546875 0.0703125 0.09375
2 0.578125 0.685546875 0.189453125 0.296875
4 0.4892578125 0.7001953125 0.037109375 0.099609375
6 0.6103515625 0.740234375 0.05859375 0.07421875
1 0.5390625 0.7509765625 0.05859375 0.1015625
8 0.630859375 0.767578125 0.177734375 0.248046875
7 0.609375 0.8271484375 0.033203125 0.05859375