51 0.5146484375 0.4345703125 0.125 0.078125
39 0.8896484375 0.4345703125 0.083984375 0.044921875
35 0.65234375 0.458984375 0.109375 0.072265625
37 0.771484375 0.4541015625 0.09375 0.072265625
45 0.2451171875 0.484375 0.109375 0.06640625
48 0.3798828125 0.478515625 0.103515625 0.064453125
42 0.107421875 0.5185546875 0.1484375 0.08984375
52 0.51953125 0.5439453125 0.169921875 0.337890625
39 0.8828125 0.53515625 0.142578125 0.291015625
38 0.7724609375 0.5419921875 0.142578125 0.287109375
36 0.6552734375 0.548828125 0.146484375 0.291015625
49 0.38671875 0.5703125 0.140625 0.279296875
46 0.25390625 0.5791015625 0.150390625 0.2890625
43 0.111328125 0.5888671875 0.185546875 0.263671875
50 0.5224609375 0.5927734375 0.12890625 0.109375
47 0.384765625 0.6171875 0.1015625 0.09375
44 0.25390625 0.6240234375 0.109375 0.095703125
41 0.115234375 0.6533203125 0.103515625 0.060546875