53 0.5947265625 0.513671875 0.046875 0.02734375
54 0.59375 0.54296875 0.095703125 0.05859375
55 0.58203125 0.5458984375 0.197265625 0.20703125
11 0.7197265625 0.5625 0.029296875 0.025390625
12 0.708984375 0.5869140625 0.10546875 0.185546875
34 0.3671875 0.58203125 0.240234375 0.23046875
33 0.384765625 0.5859375 0.056640625 0.111328125
13 0.650390625 0.6162109375 0.041015625 0.0234375
14 0.5810546875 0.640625 0.126953125 0.060546875
13 0.6611328125 0.6640625 0.03125 0.041015625
15 0.595703125 0.6708984375 0.205078125 0.177734375
14 0.587890625 0.6953125 0.115234375 0.072265625
28 0.400390625 0.677734375 0.271484375 0.205078125
27 0.4130859375 0.689453125 0.04296875 0.0625
31 0.4375 0.7392578125 0.08984375 0.064453125
30 0.2412109375 0.72265625 0.1328125 0.2578125
32 0.392578125 0.75390625 0.267578125 0.1953125
29 0.2490234375 0.7587890625 0.052734375 0.134765625