50 0.5615234375 0.3623046875 0.07421875 0.0625
41 0.767578125 0.3388671875 0.0546875 0.033203125
52 0.560546875 0.3681640625 0.11328125 0.19921875
47 0.6962890625 0.353515625 0.056640625 0.048828125
40 0.35546875 0.3955078125 0.1015625 0.177734375
38 0.419921875 0.3916015625 0.099609375 0.169921875
44 0.630859375 0.3662109375 0.05859375 0.05078125
36 0.48828125 0.3876953125 0.095703125 0.17578125
49 0.69140625 0.3623046875 0.107421875 0.166015625
46 0.6298828125 0.3701171875 0.09765625 0.1640625
43 0.76171875 0.35546875 0.12890625 0.15234375
37 0.4306640625 0.451171875 0.056640625 0.037109375
39 0.3671875 0.4609375 0.048828125 0.02734375
35 0.4951171875 0.4453125 0.060546875 0.03515625
19 0.46484375 0.5693359375 0.0859375 0.041015625
62 0.5576171875 0.5712890625 0.06640625 0.033203125
4 0.361328125 0.6328125 0.056640625 0.109375
0 0.28515625 0.685546875 0.095703125 0.08984375
6 0.7421875 0.6435546875 0.0703125 0.068359375
63 0.59375 0.66796875 0.087890625 0.150390625
20 0.4970703125 0.71484375 0.076171875 0.216796875
5 0.3583984375 0.7431640625 0.201171875 0.365234375
21 0.4814453125 0.73046875 0.193359375 0.439453125
64 0.60546875 0.7177734375 0.2109375 0.443359375
8 0.79296875 0.7392578125 0.212890625 0.306640625
7 0.81640625 0.736328125 0.06640625 0.109375
5 0.7080078125 0.75390625 0.181640625 0.3125
2 0.2705078125 0.8076171875 0.201171875 0.37109375
1 0.2587890625 0.8310546875 0.123046875 0.19140625
4 0.724609375 0.7734375 0.072265625 0.123046875
4 0.3662109375 0.88671875 0.115234375 0.044921875
7 0.83984375 0.84375 0.076171875 0.01953125
63 0.6357421875 0.88671875 0.099609375 0.0703125
20 0.5048828125 0.9072265625 0.119140625 0.078125
4 0.3876953125 0.9326171875 0.10546875 0.041015625
5 0.3876953125 0.9345703125 0.13671875 0.08203125