47 0.115234375 0.4384765625 0.0703125 0.064453125
4 0.5078125 0.361328125 0.08984375 0.0390625
20 0.2705078125 0.4169921875 0.064453125 0.150390625
5 0.4716796875 0.3759765625 0.193359375 0.103515625
58 0.8642578125 0.2880859375 0.1484375 0.271484375
3 0.4296875 0.3876953125 0.076171875 0.0625
57 0.8505859375 0.29296875 0.06640625 0.072265625
11 0.935546875 0.27734375 0.0546875 0.03515625
13 0.6376953125 0.3515625 0.041015625 0.041015625
64 0.3544921875 0.423828125 0.171875 0.3359375
21 0.283203125 0.4462890625 0.169921875 0.337890625
12 0.93359375 0.3017578125 0.09765625 0.16015625
4 0.5615234375 0.3994140625 0.08984375 0.0390625
51 0.046875 0.5185546875 0.087890625 0.0625
37 0.2138671875 0.484375 0.072265625 0.056640625
5 0.5068359375 0.41796875 0.236328125 0.111328125
3 0.4638671875 0.4296875 0.0625 0.052734375
53 0.75390625 0.365234375 0.048828125 0.02734375
63 0.369140625 0.4560546875 0.09375 0.173828125
45 0.1376953125 0.517578125 0.0703125 0.05078125
15 0.65234375 0.40234375 0.115234375 0.181640625
55 0.767578125 0.3818359375 0.20703125 0.1796875
54 0.76171875 0.3857421875 0.103515625 0.056640625
56 0.876953125 0.36328125 0.080078125 0.091796875
14 0.6640625 0.419921875 0.05078125 0.11328125
4 0.5771484375 0.4423828125 0.08984375 0.0390625
5 0.521484375 0.4609375 0.236328125 0.11328125
19 0.306640625 0.5126953125 0.05859375 0.04296875
3 0.4814453125 0.47265625 0.0625 0.052734375
38 0.23046875 0.5400390625 0.1328125 0.1953125
52 0.0732421875 0.5830078125 0.146484375 0.224609375
46 0.1572265625 0.5693359375 0.12890625 0.1875
1 0.59375 0.48828125 0.0859375 0.044921875
50 0.07421875 0.6103515625 0.091796875 0.078125
2 0.53515625 0.505859375 0.240234375 0.119140625
44 0.1611328125 0.5947265625 0.076171875 0.06640625
0 0.48828125 0.5185546875 0.0625 0.0546875
41 0.2890625 0.2294921875 0.044921875 0.060546875
43 0.2529296875 0.23828125 0.17578125 0.12890625
42 0.2158203125 0.2490234375 0.06640625 0.087890625
27 0.4072265625 0.2265625 0.044921875 0.03515625
28 0.408203125 0.232421875 0.1015625 0.177734375
32 0.3583984375 0.244140625 0.1015625 0.177734375
39 0.01953125 0.3359375 0.0390625 0.0390625
31 0.3701171875 0.259765625 0.037109375 0.072265625
34 0.482421875 0.2392578125 0.115234375 0.134765625
33 0.4814453125 0.24609375 0.0703125 0.041015625
35 0.16015625 0.322265625 0.078125 0.056640625
48 0.0888671875 0.3623046875 0.068359375 0.048828125
62 0.32421875 0.328125 0.0703125 0.05078125
40 0.0439453125 0.3994140625 0.087890625 0.197265625
36 0.1806640625 0.376953125 0.134765625 0.19140625
7 0.4833984375 0.3154296875 0.0625 0.0234375
8 0.4560546875 0.328125 0.189453125 0.08984375
6 0.4189453125 0.33984375 0.056640625 0.04296875
30 0.56640625 0.30859375 0.08203125 0.142578125
49 0.107421875 0.4140625 0.125 0.181640625
29 0.568359375 0.318359375 0.0390625 0.083984375