4 0.3740234375 0.3173828125 0.0390625 0.09375
1 0.46875 0.3515625 0.033203125 0.0703125
4 0.328125 0.3291015625 0.025390625 0.0625
5 0.369140625 0.34375 0.0859375 0.181640625
60 0.763671875 0.419921875 0.033203125 0.0703125
60 0.7255859375 0.4150390625 0.03125 0.072265625
63 0.8037109375 0.4287109375 0.033203125 0.072265625
20 0.6826171875 0.4091796875 0.025390625 0.0703125
1 0.4306640625 0.365234375 0.02734375 0.0546875
4 0.294921875 0.3447265625 0.0234375 0.056640625
1 0.4052734375 0.3642578125 0.021484375 0.044921875
2 0.4619140625 0.3779296875 0.06640625 0.140625
4 0.26953125 0.3447265625 0.01953125 0.046875
64 0.802734375 0.4384765625 0.06640625 0.12109375
61 0.76171875 0.4326171875 0.0625 0.125
61 0.72265625 0.4287109375 0.064453125 0.12109375
21 0.6787109375 0.4208984375 0.0703125 0.123046875
5 0.328125 0.3583984375 0.072265625 0.142578125
2 0.4267578125 0.3876953125 0.052734375 0.109375
5 0.2958984375 0.3671875 0.056640625 0.11328125
2 0.3994140625 0.38671875 0.046875 0.103515625
5 0.267578125 0.3662109375 0.048828125 0.103515625
3 0.365234375 0.3984375 0.041015625 0.05078125
0 0.455078125 0.4150390625 0.037109375 0.044921875
3 0.265625 0.3896484375 0.0234375 0.029296875
3 0.29296875 0.3935546875 0.033203125 0.041015625
0 0.396484375 0.412109375 0.0234375 0.03125
19 0.6748046875 0.4638671875 0.03515625 0.017578125
17 0.30078125 0.5263671875 0.029296875 0.025390625
17 0.3271484375 0.533203125 0.025390625 0.025390625
18 0.3330078125 0.5380859375 0.052734375 0.109375
18 0.2998046875 0.5341796875 0.052734375 0.111328125
16 0.296875 0.5595703125 0.03515625 0.044921875
16 0.32421875 0.56640625 0.03125 0.04296875
60 0.607421875 0.7255859375 0.033203125 0.01953125
60 0.6435546875 0.7314453125 0.03515625 0.01953125
60 0.5712890625 0.72265625 0.03125 0.017578125
60 0.599609375 0.76953125 0.021484375 0.046875
61 0.5986328125 0.7734375 0.0625 0.119140625
61 0.634765625 0.78125 0.06640625 0.12109375
61 0.5615234375 0.7705078125 0.060546875 0.119140625
17 0.490234375 0.7578125 0.029296875 0.02734375
17 0.4521484375 0.7509765625 0.025390625 0.029296875
17 0.4228515625 0.748046875 0.029296875 0.02734375
61 0.5244140625 0.765625 0.0546875 0.111328125
18 0.4873046875 0.76171875 0.052734375 0.115234375
18 0.45703125 0.755859375 0.052734375 0.115234375
18 0.421875 0.751953125 0.052734375 0.115234375
60 0.6357421875 0.7998046875 0.029296875 0.0625
60 0.5595703125 0.7900390625 0.02734375 0.060546875
60 0.521484375 0.783203125 0.02734375 0.060546875
16 0.4482421875 0.7822265625 0.03125 0.046875
16 0.484375 0.791015625 0.033203125 0.044921875
16 0.4169921875 0.78125 0.033203125 0.044921875