19 0.3935546875 0.4052734375 0.12109375 0.08203125
62 0.517578125 0.4189453125 0.09375 0.064453125
0 0.1884765625 0.564453125 0.111328125 0.146484375
4 0.2802734375 0.55859375 0.08984375 0.20703125
21 0.419921875 0.5712890625 0.255859375 0.576171875
6 0.732421875 0.5205078125 0.0859375 0.111328125
64 0.541015625 0.5576171875 0.244140625 0.5703125
63 0.556640625 0.5869140625 0.1015625 0.228515625
2 0.2080078125 0.67578125 0.18359375 0.427734375
5 0.3037109375 0.6591796875 0.23828125 0.48046875
20 0.447265625 0.6376953125 0.1171875 0.318359375
8 0.75 0.6064453125 0.16015625 0.3359375
5 0.6591796875 0.6240234375 0.15625 0.333984375
1 0.212890625 0.7548828125 0.111328125 0.22265625
7 0.77734375 0.6572265625 0.041015625 0.134765625
4 0.677734375 0.6962890625 0.056640625 0.142578125