39 0.5439453125 0.353515625 0.033203125 0.029296875
37 0.513671875 0.3876953125 0.052734375 0.0390625
35 0.4931640625 0.4296875 0.060546875 0.0390625
51 0.4326171875 0.4609375 0.048828125 0.037109375
35 0.5380859375 0.4677734375 0.021484375 0.06640625
50 0.4873046875 0.47265625 0.060546875 0.0390625
36 0.5390625 0.5048828125 0.03515625 0.20703125
51 0.513671875 0.509765625 0.03125 0.0859375
52 0.46484375 0.5517578125 0.1484375 0.251953125
45 0.408203125 0.5537109375 0.04296875 0.04296875
44 0.455078125 0.5703125 0.0546875 0.041015625
45 0.484375 0.5986328125 0.029296875 0.08203125
50 0.515625 0.599609375 0.02734375 0.0703125
48 0.369140625 0.6279296875 0.046875 0.04296875
46 0.4384765625 0.6328125 0.138671875 0.2265625
47 0.4228515625 0.6416015625 0.06640625 0.052734375
44 0.486328125 0.6689453125 0.029296875 0.068359375
48 0.451171875 0.671875 0.03515625 0.09375
49 0.4033203125 0.703125 0.166015625 0.25
41 0.376953125 0.7216796875 0.052734375 0.048828125
47 0.4580078125 0.748046875 0.029296875 0.08203125
42 0.330078125 0.775390625 0.05859375 0.076171875
42 0.4072265625 0.798828125 0.064453125 0.158203125
43 0.3642578125 0.8212890625 0.1796875 0.29296875
42 0.33203125 0.845703125 0.07421875 0.048828125
41 0.4189453125 0.8662109375 0.041015625 0.087890625