53 0.37109375 0.48046875 0.03125 0.056640625
54 0.390625 0.5078125 0.0546875 0.111328125
55 0.380859375 0.513671875 0.15234375 0.26953125
29 0.51953125 0.525390625 0.119140625 0.03125
30 0.533203125 0.541015625 0.197265625 0.083984375
33 0.533203125 0.5859375 0.052734375 0.087890625
11 0.3359375 0.58984375 0.0390625 0.060546875
34 0.521484375 0.591796875 0.20703125 0.1328125
12 0.3359375 0.60546875 0.134765625 0.21875
31 0.51953125 0.685546875 0.123046875 0.0390625
32 0.546875 0.6875 0.306640625 0.111328125
28 0.5390625 0.763671875 0.333984375 0.125
27 0.55078125 0.763671875 0.052734375 0.072265625
14 0.49609375 0.861328125 0.251953125 0.095703125
13 0.66015625 0.87890625 0.076171875 0.087890625
15 0.5390625 0.888671875 0.3984375 0.220703125