39 0.3759765625 0.4384765625 0.02734375 0.03125
37 0.3779296875 0.4814453125 0.04296875 0.0390625
40 0.3681640625 0.4873046875 0.078125 0.1484375
35 0.390625 0.529296875 0.046875 0.046875
38 0.380859375 0.53125 0.087890625 0.150390625
36 0.3955078125 0.560546875 0.087890625 0.12109375
50 0.435546875 0.5791015625 0.0390625 0.037109375
51 0.3857421875 0.583984375 0.033203125 0.037109375
52 0.4072265625 0.6318359375 0.1171875 0.1875
44 0.4541015625 0.666015625 0.037109375 0.0390625
45 0.4130859375 0.669921875 0.029296875 0.03515625
45 0.39453125 0.6845703125 0.021484375 0.068359375
46 0.4287109375 0.705078125 0.107421875 0.162109375
47 0.478515625 0.7255859375 0.037109375 0.041015625
44 0.3876953125 0.73046875 0.017578125 0.056640625
48 0.4287109375 0.7392578125 0.01953125 0.033203125
48 0.4140625 0.755859375 0.025390625 0.076171875
49 0.4501953125 0.7734375 0.12109375 0.171875
41 0.484375 0.80078125 0.041015625 0.041015625
47 0.404296875 0.7978515625 0.021484375 0.0703125
42 0.4619140625 0.853515625 0.044921875 0.11328125
42 0.4873046875 0.85546875 0.029296875 0.052734375
43 0.4892578125 0.861328125 0.125 0.193359375
41 0.4482421875 0.88671875 0.025390625 0.0625