4 0.498046875 0.3779296875 0.107421875 0.03125
5 0.4423828125 0.4248046875 0.283203125 0.140625
3 0.3701171875 0.4482421875 0.083984375 0.072265625
4 0.490234375 0.421875 0.140625 0.060546875
3 0.625 0.4013671875 0.05078125 0.021484375
4 0.6923828125 0.3857421875 0.0703125 0.021484375
5 0.6611328125 0.4150390625 0.18359375 0.099609375
4 0.7001953125 0.4140625 0.083984375 0.03515625
3 0.625 0.4326171875 0.068359375 0.052734375
5 0.4560546875 0.4921875 0.265625 0.123046875
3 0.384765625 0.5126953125 0.083984375 0.0703125
4 0.5029296875 0.4853515625 0.134765625 0.056640625
5 0.6640625 0.4619140625 0.173828125 0.0859375
4 0.69921875 0.4580078125 0.08203125 0.033203125
3 0.623046875 0.4755859375 0.0625 0.048828125