8 0.6376953125 0.4677734375 0.2421875 0.103515625
4 0.3994140625 0.4990234375 0.1015625 0.033203125
5 0.33984375 0.5126953125 0.263671875 0.115234375
2 0.6728515625 0.53515625 0.298828125 0.126953125
58 0.18359375 0.591796875 0.134765625 0.3203125
1 0.7373046875 0.5361328125 0.14453125 0.0625
4 0.4521484375 0.5693359375 0.134765625 0.044921875
57 0.1767578125 0.6025390625 0.078125 0.078125
5 0.3828125 0.5810546875 0.3203125 0.134765625
64 0.8154296875 0.5849609375 0.369140625 0.158203125
63 0.7001953125 0.6083984375 0.08203125 0.083984375
21 0.4443359375 0.6572265625 0.41015625 0.15234375
56 0.1953125 0.6875 0.087890625 0.1015625
20 0.30859375 0.6787109375 0.09765625 0.083984375