62 0.4033203125 0.4677734375 0.07421875 0.056640625
20 0.3388671875 0.4775390625 0.103515625 0.083984375
63 0.5087890625 0.5634765625 0.19921875 0.16015625
64 0.4765625 0.5712890625 0.3671875 0.341796875
4 0.3525390625 0.57421875 0.12109375 0.107421875
21 0.41015625 0.6044921875 0.38671875 0.369140625
4 0.314453125 0.6044921875 0.08984375 0.091796875
5 0.38671875 0.6396484375 0.30078125 0.294921875
3 0.4462890625 0.66015625 0.1015625 0.10546875
6 0.2578125 0.6337890625 0.080078125 0.080078125
20 0.5166015625 0.7333984375 0.068359375 0.08984375
7 0.3505859375 0.7138671875 0.095703125 0.08984375
4 0.462890625 0.7392578125 0.064453125 0.07421875
8 0.30859375 0.712890625 0.294921875 0.30078125
4 0.4560546875 0.7646484375 0.064453125 0.080078125
4 0.4443359375 0.7900390625 0.064453125 0.076171875