7 0.623046875 0.5048828125 0.044921875 0.021484375
6 0.58984375 0.5107421875 0.0546875 0.02734375
8 0.5927734375 0.5390625 0.177734375 0.140625
4 0.4658203125 0.552734375 0.08984375 0.05859375
1 0.6357421875 0.59765625 0.0703125 0.052734375
2 0.5908203125 0.6015625 0.19140625 0.16015625
5 0.3818359375 0.552734375 0.296875 0.220703125
4 0.267578125 0.55078125 0.0390625 0.0859375
64 0.6396484375 0.640625 0.189453125 0.185546875
4 0.4697265625 0.623046875 0.111328125 0.08203125
63 0.5927734375 0.6533203125 0.0546875 0.072265625
5 0.37890625 0.6328125 0.333984375 0.2578125
58 0.1767578125 0.6162109375 0.22265625 0.447265625
4 0.24609375 0.6376953125 0.048828125 0.099609375
57 0.1748046875 0.6474609375 0.115234375 0.123046875
21 0.3837890625 0.7099609375 0.384765625 0.30859375
20 0.30859375 0.72265625 0.111328125 0.119140625
56 0.150390625 0.74609375 0.130859375 0.150390625