19 0.404296875 0.39453125 0.1171875 0.072265625
62 0.5263671875 0.4208984375 0.08984375 0.056640625
0 0.18359375 0.53125 0.099609375 0.140625
4 0.275390625 0.53515625 0.0703125 0.205078125
21 0.4130859375 0.5625 0.201171875 0.568359375
6 0.7294921875 0.544921875 0.076171875 0.10546875
64 0.53515625 0.5615234375 0.1875 0.5625
63 0.546875 0.591796875 0.080078125 0.224609375
2 0.19140625 0.64453125 0.140625 0.423828125
5 0.2890625 0.6376953125 0.193359375 0.470703125
20 0.4326171875 0.630859375 0.0859375 0.31640625
8 0.7373046875 0.6318359375 0.126953125 0.330078125
5 0.6455078125 0.640625 0.125 0.328125
1 0.1884765625 0.7236328125 0.08984375 0.21875
7 0.759765625 0.685546875 0.02734375 0.134765625
4 0.65625 0.7138671875 0.04296875 0.140625