20 0.5419921875 0.283203125 0.09375 0.06640625
63 0.4892578125 0.3369140625 0.12109375 0.078125
20 0.5830078125 0.4111328125 0.064453125 0.1875
21 0.537109375 0.419921875 0.203125 0.34765625
64 0.494140625 0.4716796875 0.228515625 0.357421875
63 0.4697265625 0.4794921875 0.111328125 0.1640625
19 0.5869140625 0.515625 0.033203125 0.060546875
4 0.388671875 0.537109375 0.076171875 0.078125
4 0.451171875 0.564453125 0.07421875 0.08203125
63 0.5478515625 0.591796875 0.046875 0.083984375
5 0.3935546875 0.61328125 0.171875 0.255859375
1 0.3271484375 0.607421875 0.07421875 0.087890625
5 0.458984375 0.638671875 0.1796875 0.25390625
3 0.4384765625 0.6455078125 0.0625 0.044921875
4 0.5048828125 0.6904296875 0.037109375 0.076171875
2 0.3564453125 0.6806640625 0.21875 0.2578125
4 0.45703125 0.71875 0.048828125 0.0625
1 0.400390625 0.744140625 0.072265625 0.10546875
8 0.314453125 0.767578125 0.19921875 0.208984375