50 0.60546875 0.3916015625 0.078125 0.068359375
41 0.806640625 0.4404296875 0.0546875 0.037109375
52 0.6015625 0.3974609375 0.1328125 0.205078125
47 0.734375 0.4296875 0.060546875 0.0546875
40 0.3994140625 0.3525390625 0.1171875 0.18359375
38 0.4619140625 0.37109375 0.115234375 0.17578125
44 0.6689453125 0.4189453125 0.060546875 0.0546875
36 0.52734375 0.3896484375 0.111328125 0.181640625
49 0.7275390625 0.4365234375 0.123046875 0.171875
46 0.666015625 0.421875 0.11328125 0.169921875
43 0.794921875 0.4541015625 0.140625 0.16015625
37 0.4521484375 0.4306640625 0.05859375 0.04296875
39 0.388671875 0.41796875 0.05078125 0.03125
35 0.5146484375 0.447265625 0.0625 0.041015625
19 0.443359375 0.552734375 0.087890625 0.048828125
62 0.5302734375 0.5869140625 0.068359375 0.0390625
4 0.32421875 0.5771484375 0.068359375 0.11328125
0 0.234375 0.6005859375 0.1015625 0.09765625
6 0.6787109375 0.7177734375 0.07421875 0.072265625
63 0.5302734375 0.689453125 0.099609375 0.154296875
20 0.423828125 0.701171875 0.09765625 0.21875
5 0.2841796875 0.6806640625 0.234375 0.375
21 0.4033203125 0.7099609375 0.234375 0.447265625
64 0.5244140625 0.740234375 0.251953125 0.453125
8 0.693359375 0.8251953125 0.240234375 0.3203125
7 0.716796875 0.8310546875 0.076171875 0.11328125
5 0.609375 0.8095703125 0.208984375 0.322265625
2 0.1787109375 0.7109375 0.236328125 0.380859375
1 0.16015625 0.728515625 0.138671875 0.197265625
4 0.6171875 0.833984375 0.083984375 0.126953125
4 0.2421875 0.8173828125 0.115234375 0.0546875
7 0.701171875 0.939453125 0.076171875 0.02734375
63 0.4951171875 0.91015625 0.10546875 0.078125
20 0.365234375 0.8837890625 0.123046875 0.087890625
4 0.24609375 0.8681640625 0.107421875 0.052734375
5 0.24609375 0.8701171875 0.140625 0.09375