5 0.40625 0.490234375 0.17578125 0.130859375
4 0.443359375 0.490234375 0.046875 0.109375
7 0.34765625 0.5 0.08984375 0.017578125
8 0.328125 0.5078125 0.162109375 0.119140625
64 0.603515625 0.541015625 0.22265625 0.150390625
5 0.740234375 0.546875 0.076171875 0.109375
4 0.75 0.548828125 0.029296875 0.078125
21 0.548828125 0.552734375 0.1484375 0.16796875
63 0.6640625 0.5546875 0.08203125 0.087890625
20 0.55859375 0.56640625 0.099609375 0.11328125
2 0.30859375 0.58984375 0.1640625 0.1640625
4 0.443359375 0.58984375 0.103515625 0.052734375
5 0.439453125 0.59765625 0.119140625 0.107421875
1 0.322265625 0.609375 0.1171875 0.05078125