51 0.6513671875 0.3740234375 0.07421875 0.044921875
51 0.568359375 0.396484375 0.07421875 0.044921875
51 0.4931640625 0.4228515625 0.060546875 0.0390625
51 0.42578125 0.4443359375 0.060546875 0.0390625
45 0.2822265625 0.490234375 0.0625 0.0390625
42 0.2080078125 0.5244140625 0.087890625 0.052734375
52 0.501953125 0.458984375 0.09765625 0.126953125
52 0.658203125 0.4228515625 0.125 0.1484375
52 0.578125 0.4423828125 0.123046875 0.150390625
52 0.4365234375 0.4794921875 0.095703125 0.126953125
43 0.212890625 0.53515625 0.13671875 0.162109375
46 0.294921875 0.5185546875 0.10546875 0.140625
50 0.5068359375 0.478515625 0.0625 0.046875
50 0.658203125 0.4404296875 0.076171875 0.05859375
50 0.4404296875 0.4970703125 0.0625 0.046875
50 0.5791015625 0.4619140625 0.076171875 0.056640625
44 0.3017578125 0.54296875 0.064453125 0.048828125
41 0.2275390625 0.576171875 0.05859375 0.033203125
42 0.5859375 0.6015625 0.07421875 0.044921875
42 0.5048828125 0.6259765625 0.07421875 0.044921875
43 0.58984375 0.626953125 0.107421875 0.107421875
43 0.5126953125 0.6474609375 0.10546875 0.10546875
41 0.591796875 0.650390625 0.05078125 0.03125
41 0.5146484375 0.671875 0.048828125 0.029296875