8 0.599609375 0.4609375 0.146484375 0.0859375
4 0.49609375 0.4501953125 0.07421875 0.03515625
5 0.41015625 0.4599609375 0.26171875 0.138671875
4 0.3115234375 0.44921875 0.033203125 0.0859375
1 0.654296875 0.5283203125 0.05859375 0.052734375
2 0.6240234375 0.529296875 0.1328125 0.109375
4 0.51171875 0.53515625 0.091796875 0.0546875
5 0.4189453125 0.548828125 0.30078125 0.177734375
58 0.2412109375 0.52734375 0.189453125 0.47265625
64 0.6513671875 0.580078125 0.169921875 0.134765625
63 0.630859375 0.5869140625 0.0390625 0.076171875
57 0.2607421875 0.54296875 0.091796875 0.11328125
21 0.431640625 0.6396484375 0.349609375 0.240234375
20 0.380859375 0.65234375 0.091796875 0.1171875
56 0.2470703125 0.669921875 0.10546875 0.15234375