4 0.32421875 0.509765625 0.103515625 0.03125
63 0.5341796875 0.5341796875 0.1484375 0.037109375
3 0.4287109375 0.5322265625 0.12109375 0.033203125
4 0.26953125 0.55078125 0.06640625 0.052734375
5 0.3837890625 0.58203125 0.31640625 0.1875
3 0.3564453125 0.5830078125 0.0625 0.091796875
7 0.7734375 0.607421875 0.03515625 0.01953125
1 0.2265625 0.595703125 0.10546875 0.056640625
4 0.482421875 0.6142578125 0.09375 0.072265625
63 0.6708984375 0.634765625 0.05859375 0.099609375
4 0.7255859375 0.63671875 0.046875 0.04296875
1 0.1591796875 0.630859375 0.052734375 0.0859375
0 0.3271484375 0.646484375 0.13671875 0.060546875
20 0.583984375 0.6650390625 0.0859375 0.138671875
2 0.2822265625 0.69140625 0.318359375 0.259765625
4 0.4833984375 0.701171875 0.095703125 0.078125
0 0.2353515625 0.7001953125 0.056640625 0.109375
1 0.36328125 0.7275390625 0.123046875 0.060546875