3 0.5810546875 0.5302734375 0.10546875 0.07421875
63 0.3427734375 0.5595703125 0.181640625 0.19921875
5 0.537109375 0.6259765625 0.263671875 0.3046875
64 0.314453125 0.6259765625 0.38671875 0.40625
7 0.623046875 0.63671875 0.06640625 0.09375
4 0.5107421875 0.654296875 0.115234375 0.140625
5 0.4951171875 0.69140625 0.283203125 0.32421875
21 0.37109375 0.697265625 0.39453125 0.46484375
8 0.6015625 0.70703125 0.2421875 0.306640625
62 0.234375 0.7138671875 0.08984375 0.095703125
4 0.46484375 0.7275390625 0.119140625 0.1640625
6 0.5712890625 0.7685546875 0.0859375 0.080078125
20 0.2724609375 0.787109375 0.12890625 0.142578125
1 0.5234375 0.80859375 0.134765625 0.173828125