40 0.81640625 0.431640625 0.060546875 0.099609375
40 0.7880859375 0.439453125 0.0703125 0.107421875
50 0.6708984375 0.43359375 0.029296875 0.01171875
40 0.75390625 0.447265625 0.076171875 0.103515625
51 0.642578125 0.447265625 0.03125 0.0390625
51 0.673828125 0.453125 0.03125 0.03125
52 0.65625 0.4736328125 0.080078125 0.125
50 0.66015625 0.5009765625 0.029296875 0.03125
42 0.3779296875 0.5146484375 0.033203125 0.017578125
42 0.298828125 0.515625 0.03515625 0.021484375
41 0.34765625 0.5185546875 0.02734375 0.017578125
41 0.265625 0.5166015625 0.02734375 0.01953125
41 0.318359375 0.5283203125 0.02734375 0.017578125
42 0.4013671875 0.5361328125 0.033203125 0.01953125
42 0.2841796875 0.5322265625 0.037109375 0.01953125
41 0.3701171875 0.5400390625 0.02734375 0.01953125
46 0.36328125 0.544921875 0.08203125 0.10546875
41 0.337890625 0.5517578125 0.02734375 0.01953125
46 0.28125 0.548828125 0.0859375 0.111328125
42 0.3955078125 0.5654296875 0.0546875 0.048828125
46 0.3828125 0.576171875 0.0859375 0.126953125
46 0.296875 0.57421875 0.08984375 0.130859375
42 0.3271484375 0.587890625 0.0625 0.052734375
46 0.31640625 0.5986328125 0.09765625 0.13671875
41 0.390625 0.607421875 0.037109375 0.0234375
41 0.328125 0.6328125 0.041015625 0.03125