51 0.552734375 0.3828125 0.06640625 0.025390625
37 0.708984375 0.35546875 0.076171875 0.029296875
50 0.603515625 0.3876953125 0.080078125 0.03125
39 0.8056640625 0.359375 0.048828125 0.04296875
37 0.7529296875 0.39453125 0.056640625 0.0625
47 0.474609375 0.453125 0.068359375 0.025390625
35 0.697265625 0.421875 0.0703125 0.0703125
48 0.513671875 0.462890625 0.05859375 0.02734375
51 0.630859375 0.4384765625 0.09375 0.087890625
44 0.39453125 0.490234375 0.07421875 0.029296875
40 0.7841796875 0.4296875 0.166015625 0.2421875
45 0.427734375 0.505859375 0.072265625 0.037109375
38 0.734375 0.4580078125 0.1796875 0.251953125
41 0.302734375 0.5498046875 0.06640625 0.033203125
42 0.2197265625 0.5732421875 0.091796875 0.037109375
48 0.5361328125 0.5107421875 0.087890625 0.078125
36 0.6943359375 0.484375 0.158203125 0.263671875
52 0.609375 0.5166015625 0.236328125 0.337890625
45 0.4423828125 0.55859375 0.10546875 0.091796875
49 0.5185546875 0.576171875 0.212890625 0.3046875
42 0.29296875 0.6416015625 0.17578125 0.138671875
50 0.64453125 0.5712890625 0.091796875 0.095703125
46 0.4306640625 0.626953125 0.2265625 0.33203125
47 0.5546875 0.6279296875 0.08203125 0.083984375
43 0.2900390625 0.6943359375 0.28125 0.359375
44 0.46875 0.6806640625 0.1015625 0.09765625
41 0.328125 0.76171875 0.11328125 0.076171875