33 0.6015625 0.33984375 0.04296875 0.025390625
35 0.3212890625 0.36328125 0.083984375 0.064453125
48 0.220703125 0.404296875 0.09375 0.060546875
62 0.4794921875 0.4111328125 0.056640625 0.046875
7 0.5888671875 0.4189453125 0.041015625 0.017578125
30 0.6376953125 0.4189453125 0.03515625 0.13671875
40 0.0966796875 0.439453125 0.193359375 0.328125
36 0.326171875 0.439453125 0.1171875 0.25390625
8 0.56640625 0.43359375 0.12109375 0.072265625
29 0.638671875 0.4326171875 0.013671875 0.080078125
6 0.54296875 0.435546875 0.037109375 0.04296875
49 0.2275390625 0.48046875 0.138671875 0.255859375
4 0.5947265625 0.4716796875 0.0546875 0.029296875
13 0.6650390625 0.47265625 0.01953125 0.029296875
5 0.5673828125 0.484375 0.126953125 0.09375
58 0.814453125 0.4814453125 0.076171875 0.197265625
3 0.541015625 0.4931640625 0.048828125 0.056640625
57 0.82421875 0.48828125 0.04296875 0.044921875
20 0.41015625 0.5029296875 0.02734375 0.17578125
53 0.7265625 0.50390625 0.03515625 0.013671875
64 0.4794921875 0.5146484375 0.083984375 0.369140625
47 0.2392578125 0.5224609375 0.083984375 0.080078125
4 0.6162109375 0.513671875 0.05078125 0.029296875
15 0.6611328125 0.515625 0.0546875 0.162109375
21 0.4111328125 0.5322265625 0.09375 0.384765625
54 0.7255859375 0.521484375 0.07421875 0.0234375
55 0.7333984375 0.521484375 0.130859375 0.1015625
5 0.5771484375 0.5283203125 0.146484375 0.099609375
11 0.8720703125 0.5185546875 0.037109375 0.021484375
14 0.6611328125 0.533203125 0.025390625 0.091796875
3 0.5537109375 0.537109375 0.037109375 0.044921875
12 0.8779296875 0.5302734375 0.06640625 0.1015625
56 0.81640625 0.5419921875 0.048828125 0.0546875
4 0.61328125 0.552734375 0.052734375 0.03125
63 0.48828125 0.556640625 0.04296875 0.1796875
5 0.5771484375 0.5693359375 0.142578125 0.103515625
37 0.3388671875 0.587890625 0.0703125 0.06640625
3 0.5537109375 0.58203125 0.037109375 0.044921875
1 0.6142578125 0.59375 0.048828125 0.041015625
19 0.41796875 0.6162109375 0.048828125 0.033203125
2 0.576171875 0.6123046875 0.140625 0.107421875
45 0.248046875 0.6298828125 0.0859375 0.068359375
51 0.1259765625 0.6357421875 0.1328125 0.095703125
0 0.5478515625 0.626953125 0.037109375 0.04296875
38 0.3408203125 0.654296875 0.10546875 0.234375
46 0.2529296875 0.7001953125 0.123046875 0.240234375
52 0.12109375 0.7265625 0.21875 0.330078125
44 0.2578125 0.7314453125 0.08203125 0.078125
50 0.1484375 0.7763671875 0.119140625 0.103515625
43 0.41015625 0.2724609375 0.189453125 0.146484375
42 0.396484375 0.275390625 0.0546875 0.115234375
41 0.47265625 0.2763671875 0.033203125 0.07421875
41 0.3447265625 0.3037109375 0.029296875 0.037109375
27 0.5615234375 0.30078125 0.02734375 0.013671875
32 0.5224609375 0.3095703125 0.05078125 0.21484375
28 0.5595703125 0.310546875 0.052734375 0.201171875
39 0.09375 0.328125 0.10546875 0.05859375
31 0.52734375 0.3330078125 0.013671875 0.08203125
34 0.6015625 0.3359375 0.060546875 0.13671875