53 0.5703125 0.537109375 0.052734375 0.029296875
14 0.30078125 0.5390625 0.111328125 0.072265625
54 0.56640625 0.564453125 0.111328125 0.064453125
55 0.576171875 0.572265625 0.216796875 0.212890625
27 0.3515625 0.58203125 0.0546875 0.025390625
15 0.28125 0.583984375 0.20703125 0.181640625
13 0.240234375 0.591796875 0.048828125 0.0234375
28 0.337890625 0.61328125 0.1875 0.177734375
31 0.396484375 0.62109375 0.0625 0.060546875
32 0.390625 0.6328125 0.17578125 0.1875
13 0.22265625 0.6328125 0.015625 0.017578125
14 0.212890625 0.63671875 0.041015625 0.02734375
33 0.45703125 0.650390625 0.09765625 0.05078125
34 0.455078125 0.6796875 0.1953125 0.197265625
29 0.552734375 0.681640625 0.072265625 0.083984375
11 0.634765625 0.697265625 0.05078125 0.021484375
30 0.5390625 0.7109375 0.138671875 0.189453125
12 0.615234375 0.763671875 0.18359375 0.20703125