4 0.337890625 0.34375 0.03515625 0.091796875
4 0.2958984375 0.3408203125 0.041015625 0.09375
1 0.2568359375 0.3369140625 0.048828125 0.09375
1 0.216796875 0.33984375 0.052734375 0.12890625
4 0.365234375 0.373046875 0.025390625 0.0703125
7 0.3876953125 0.388671875 0.017578125 0.05859375
5 0.310546875 0.3837890625 0.12109375 0.234375
8 0.3857421875 0.40625 0.083984375 0.169921875
5 0.35546875 0.4013671875 0.072265625 0.17578125
5 0.2705078125 0.3857421875 0.134765625 0.24609375
2 0.2294921875 0.384765625 0.140625 0.2578125
3 0.3515625 0.4384765625 0.033203125 0.046875
21 0.1806640625 0.404296875 0.103515625 0.12109375
3 0.3203125 0.435546875 0.0390625 0.0546875
6 0.3798828125 0.4521484375 0.033203125 0.046875
19 0.15234375 0.408203125 0.044921875 0.072265625
3 0.28125 0.4375 0.04296875 0.056640625
0 0.240234375 0.4443359375 0.046875 0.05859375
40 0.6552734375 0.5390625 0.138671875 0.20703125
38 0.607421875 0.55078125 0.14453125 0.216796875
50 0.53125 0.552734375 0.07421875 0.08203125
36 0.5654296875 0.5595703125 0.130859375 0.22265625
64 0.1669921875 0.4794921875 0.107421875 0.111328125
62 0.1474609375 0.4765625 0.05078125 0.068359375
52 0.4892578125 0.5673828125 0.203125 0.291015625
39 0.6474609375 0.60546875 0.0390625 0.041015625
44 0.4423828125 0.591796875 0.06640625 0.076171875
46 0.4072265625 0.599609375 0.18359375 0.265625
47 0.359375 0.599609375 0.078125 0.078125
51 0.501953125 0.65234375 0.068359375 0.078125
49 0.3193359375 0.619140625 0.205078125 0.29296875
41 0.2353515625 0.62890625 0.09765625 0.076171875
45 0.421875 0.6787109375 0.06640625 0.072265625
43 0.2001953125 0.662109375 0.259765625 0.330078125
48 0.3408203125 0.7041015625 0.078125 0.0859375
42 0.21875 0.7314453125 0.138671875 0.138671875