3 0.376953125 0.3984375 0.078125 0.060546875
5 0.451171875 0.388671875 0.267578125 0.10546875
4 0.498046875 0.3857421875 0.1328125 0.046875
4 0.705078125 0.384765625 0.080078125 0.02734375
3 0.6318359375 0.396484375 0.0625 0.048828125
5 0.6640625 0.392578125 0.171875 0.076171875
4 0.5888671875 0.404296875 0.0078125 0.041015625
3 0.384765625 0.466796875 0.078125 0.05859375
5 0.4580078125 0.4560546875 0.267578125 0.10546875
4 0.5048828125 0.4521484375 0.134765625 0.044921875
4 0.7060546875 0.43359375 0.080078125 0.02734375
5 0.6689453125 0.4384765625 0.169921875 0.0703125
4 0.58984375 0.4501953125 0.009765625 0.037109375
3 0.634765625 0.4453125 0.0625 0.048828125
63 0.4794921875 0.62109375 0.05078125 0.05078125
64 0.478515625 0.6669921875 0.07421875 0.1875
64 0.484375 0.681640625 0.08984375 0.1953125