4 0.4951171875 0.3984375 0.033203125 0.015625
3 0.47265625 0.4150390625 0.029296875 0.013671875
4 0.5078125 0.4140625 0.033203125 0.025390625
5 0.4833984375 0.423828125 0.09375 0.07421875
3 0.4775390625 0.4365234375 0.025390625 0.033203125
5 0.3642578125 0.4619140625 0.1875 0.12890625
4 0.5078125 0.443359375 0.03515625 0.02734375
17 0.6689453125 0.4248046875 0.015625 0.01953125
18 0.666015625 0.4296875 0.03515625 0.078125
5 0.4833984375 0.455078125 0.08984375 0.0703125
17 0.65625 0.4345703125 0.017578125 0.01953125
18 0.6533203125 0.4375 0.0390625 0.08203125
3 0.341796875 0.484375 0.048828125 0.048828125
3 0.4794921875 0.4658203125 0.029296875 0.033203125
16 0.66796875 0.4482421875 0.017578125 0.029296875
16 0.65625 0.4580078125 0.01953125 0.03125
5 0.373046875 0.5078125 0.1796875 0.126953125
3 0.3544921875 0.5322265625 0.046875 0.044921875
63 0.412109375 0.60546875 0.025390625 0.033203125
64 0.4072265625 0.6376953125 0.06640625 0.126953125