28 0.51953125 0.33984375 0.068359375 0.189453125
41 0.318359375 0.365234375 0.02734375 0.041015625
32 0.4716796875 0.34765625 0.09375 0.201171875
31 0.4931640625 0.365234375 0.0234375 0.076171875
34 0.5693359375 0.357421875 0.068359375 0.130859375
39 0.0947265625 0.41796875 0.1015625 0.060546875
33 0.5703125 0.36328125 0.046875 0.03515625
35 0.2998046875 0.419921875 0.083984375 0.06640625
48 0.212890625 0.46875 0.091796875 0.064453125
62 0.4541015625 0.4443359375 0.05859375 0.048828125
7 0.564453125 0.4345703125 0.04296875 0.01953125
30 0.61328125 0.4287109375 0.04296875 0.12890625
29 0.6171875 0.4423828125 0.01953125 0.076171875
8 0.54296875 0.451171875 0.126953125 0.083984375
6 0.5224609375 0.4599609375 0.0390625 0.04296875
36 0.2919921875 0.4921875 0.171875 0.240234375
40 0.1025390625 0.5146484375 0.205078125 0.302734375
13 0.650390625 0.4775390625 0.021484375 0.03125
49 0.224609375 0.5341796875 0.154296875 0.244140625
5 0.55078125 0.498046875 0.130859375 0.099609375
58 0.8056640625 0.470703125 0.087890625 0.197265625
3 0.525390625 0.5107421875 0.052734375 0.05859375
57 0.8095703125 0.4755859375 0.046875 0.046875
20 0.396484375 0.5361328125 0.044921875 0.166015625
11 0.861328125 0.4814453125 0.03515625 0.0234375
53 0.72265625 0.501953125 0.037109375 0.017578125
15 0.6494140625 0.5146484375 0.060546875 0.154296875
64 0.4638671875 0.5400390625 0.111328125 0.34765625
47 0.2412109375 0.5712890625 0.083984375 0.078125
12 0.869140625 0.49609375 0.0703125 0.115234375
55 0.7265625 0.51953125 0.138671875 0.103515625
54 0.72265625 0.51953125 0.07421875 0.025390625
5 0.5654296875 0.5390625 0.154296875 0.109375
21 0.3994140625 0.5634765625 0.12890625 0.3671875
14 0.6513671875 0.5341796875 0.02734375 0.08984375
3 0.5439453125 0.5517578125 0.041015625 0.044921875
56 0.810546875 0.5263671875 0.052734375 0.05859375
63 0.478515625 0.5771484375 0.056640625 0.171875
5 0.568359375 0.578125 0.15234375 0.11328125
3 0.546875 0.5908203125 0.041015625 0.044921875
37 0.33984375 0.6181640625 0.072265625 0.06640625
1 0.609375 0.5927734375 0.052734375 0.03515625
2 0.5732421875 0.6171875 0.1484375 0.11328125
19 0.4189453125 0.6376953125 0.048828125 0.037109375
45 0.2587890625 0.6669921875 0.08203125 0.0703125
51 0.1484375 0.6826171875 0.125 0.095703125
0 0.5478515625 0.6337890625 0.041015625 0.04296875
38 0.3486328125 0.6796875 0.123046875 0.22265625
46 0.26953125 0.724609375 0.13671875 0.224609375
52 0.15234375 0.7587890625 0.22265625 0.30859375
44 0.27734375 0.755859375 0.08203125 0.076171875
50 0.1806640625 0.802734375 0.11328125 0.09765625
41 0.4326171875 0.3232421875 0.037109375 0.0703125
43 0.376953125 0.330078125 0.19140625 0.14453125
42 0.36328125 0.33203125 0.064453125 0.107421875
27 0.5234375 0.337890625 0.033203125 0.03515625