42 0.4365234375 0.3173828125 0.015625 0.0546875
41 0.55859375 0.3193359375 0.037109375 0.0703125
42 0.4833984375 0.3330078125 0.0625 0.10546875
43 0.5048828125 0.330078125 0.19140625 0.14453125
27 0.65625 0.3330078125 0.033203125 0.03515625
41 0.4404296875 0.36328125 0.0234375 0.0390625
28 0.6533203125 0.33984375 0.0703125 0.197265625
32 0.6015625 0.34765625 0.095703125 0.20703125
31 0.623046875 0.365234375 0.0234375 0.078125
39 0.224609375 0.41796875 0.0859375 0.05078125
34 0.70703125 0.3583984375 0.07421875 0.138671875
33 0.7080078125 0.3642578125 0.052734375 0.037109375
35 0.4208984375 0.4189453125 0.08203125 0.064453125
48 0.3369140625 0.466796875 0.083984375 0.060546875
62 0.58203125 0.4443359375 0.060546875 0.048828125
7 0.705078125 0.439453125 0.046875 0.021484375
30 0.759765625 0.4365234375 0.048828125 0.138671875
8 0.6796875 0.4541015625 0.140625 0.083984375
40 0.234375 0.5126953125 0.18359375 0.283203125
29 0.765625 0.4482421875 0.021484375 0.08203125
6 0.6572265625 0.462890625 0.041015625 0.044921875
36 0.41796875 0.4921875 0.1640625 0.2421875
49 0.3486328125 0.5341796875 0.140625 0.234375
4 0.7197265625 0.4931640625 0.06640625 0.037109375
13 0.8056640625 0.486328125 0.0234375 0.033203125
3 0.66015625 0.51953125 0.056640625 0.060546875
20 0.5244140625 0.5419921875 0.0546875 0.173828125
47 0.36328125 0.5703125 0.078125 0.07421875
64 0.5849609375 0.55078125 0.140625 0.369140625
4 0.75 0.5341796875 0.0625 0.0390625
15 0.802734375 0.53125 0.07421875 0.171875
21 0.5224609375 0.572265625 0.142578125 0.3828125
5 0.708984375 0.55078125 0.169921875 0.109375
55 0.8564453125 0.537109375 0.06640625 0.115234375
3 0.6826171875 0.564453125 0.044921875 0.046875
14 0.8115234375 0.55078125 0.029296875 0.099609375
63 0.611328125 0.5888671875 0.06640625 0.18359375
4 0.755859375 0.5771484375 0.0625 0.041015625
37 0.4599609375 0.625 0.072265625 0.064453125
5 0.71484375 0.595703125 0.16796875 0.11328125
3 0.6884765625 0.6083984375 0.044921875 0.046875
51 0.2734375 0.677734375 0.115234375 0.087890625
1 0.7626953125 0.619140625 0.05859375 0.046875
45 0.380859375 0.66796875 0.080078125 0.064453125
19 0.5458984375 0.6513671875 0.05078125 0.03515625
2 0.7197265625 0.63671875 0.166015625 0.115234375
0 0.6884765625 0.65625 0.044921875 0.046875
38 0.470703125 0.6904296875 0.126953125 0.228515625
46 0.390625 0.7275390625 0.1328125 0.232421875
52 0.28125 0.7568359375 0.19921875 0.3046875
44 0.400390625 0.763671875 0.080078125 0.07421875
50 0.3046875 0.8017578125 0.107421875 0.09375