53 0.5302734375 0.3056640625 0.0625 0.041015625
11 0.3662109375 0.35546875 0.072265625 0.052734375
55 0.5283203125 0.3427734375 0.26953125 0.263671875
12 0.3525390625 0.37109375 0.193359375 0.2890625
54 0.5400390625 0.34375 0.130859375 0.083984375
29 0.6669921875 0.431640625 0.111328125 0.107421875
33 0.587890625 0.48046875 0.12109375 0.08203125
30 0.6845703125 0.466796875 0.21875 0.2265625
34 0.59765625 0.50390625 0.287109375 0.26953125
31 0.4873046875 0.5556640625 0.103515625 0.109375
32 0.5302734375 0.6015625 0.30859375 0.3515625
27 0.4365234375 0.623046875 0.095703125 0.078125
14 0.28125 0.6572265625 0.142578125 0.220703125
28 0.447265625 0.654296875 0.30078125 0.373046875
15 0.3359375 0.7275390625 0.353515625 0.453125
31 0.6181640625 0.720703125 0.0546875 0.04296875
13 0.37890625 0.7705078125 0.107421875 0.1015625
27 0.5341796875 0.779296875 0.076171875 0.05859375
13 0.4560546875 0.8232421875 0.037109375 0.029296875
14 0.4267578125 0.861328125 0.111328125 0.076171875