8 0.5947265625 0.451171875 0.140625 0.072265625
4 0.4912109375 0.451171875 0.072265625 0.029296875
5 0.4072265625 0.46875 0.251953125 0.11328125
4 0.3076171875 0.4697265625 0.025390625 0.083984375
1 0.65625 0.5126953125 0.052734375 0.046875
2 0.626953125 0.515625 0.123046875 0.09765625
4 0.5146484375 0.533203125 0.087890625 0.046875
5 0.4248046875 0.5576171875 0.287109375 0.150390625
58 0.2451171875 0.5537109375 0.142578125 0.4609375
64 0.6591796875 0.5634765625 0.158203125 0.119140625
63 0.6396484375 0.5732421875 0.033203125 0.072265625
57 0.2666015625 0.568359375 0.08203125 0.10546875
21 0.4462890625 0.6455078125 0.33203125 0.20703125
20 0.3974609375 0.6640625 0.080078125 0.111328125
56 0.265625 0.6953125 0.08984375 0.14453125