1 0.619140625 0.45703125 0.09375 0.0390625
1 0.6376953125 0.49609375 0.060546875 0.052734375
2 0.5654296875 0.48046875 0.234375 0.150390625
0 0.56640625 0.490234375 0.056640625 0.064453125
1 0.48828125 0.474609375 0.06640625 0.052734375
7 0.390625 0.4609375 0.099609375 0.0546875
63 0.6318359375 0.54296875 0.109375 0.09375
8 0.3037109375 0.4716796875 0.33984375 0.236328125
64 0.5673828125 0.544921875 0.283203125 0.205078125
6 0.2626953125 0.474609375 0.11328125 0.107421875
62 0.541015625 0.5546875 0.046875 0.083984375
63 0.4677734375 0.5400390625 0.060546875 0.078125
20 0.6142578125 0.607421875 0.11328125 0.087890625
4 0.388671875 0.55078125 0.1171875 0.080078125
5 0.28515625 0.552734375 0.3359375 0.220703125
21 0.5673828125 0.6259765625 0.23828125 0.203125
3 0.2705078125 0.5634765625 0.1015625 0.09375
4 0.15625 0.5390625 0.0625 0.0703125
19 0.517578125 0.630859375 0.046875 0.08203125
4 0.4130859375 0.607421875 0.11328125 0.08203125
5 0.2900390625 0.615234375 0.390625 0.275390625
3 0.2744140625 0.630859375 0.09765625 0.095703125
4 0.3994140625 0.66796875 0.1171875 0.087890625
4 0.1435546875 0.6123046875 0.064453125 0.0859375
5 0.275390625 0.681640625 0.384765625 0.279296875
3 0.2578125 0.697265625 0.09765625 0.09765625
4 0.130859375 0.681640625 0.0625 0.083984375