4 0.30078125 0.39453125 0.0234375 0.091796875
4 0.259765625 0.4033203125 0.02734375 0.09375
1 0.2216796875 0.41015625 0.037109375 0.091796875
1 0.18359375 0.423828125 0.03515625 0.126953125
4 0.3359375 0.416015625 0.015625 0.0703125
7 0.361328125 0.423828125 0.009765625 0.05859375
5 0.2861328125 0.4404296875 0.091796875 0.2265625
8 0.3642578125 0.44140625 0.0625 0.166015625
5 0.333984375 0.4453125 0.048828125 0.173828125
5 0.248046875 0.453125 0.103515625 0.23828125
2 0.2080078125 0.4638671875 0.109375 0.25
3 0.33984375 0.4814453125 0.029296875 0.044921875
21 0.1669921875 0.49609375 0.091796875 0.111328125
3 0.3095703125 0.48828125 0.033203125 0.05078125
6 0.3720703125 0.4873046875 0.029296875 0.044921875
19 0.140625 0.5078125 0.03515625 0.068359375
3 0.2724609375 0.5 0.037109375 0.052734375
0 0.2353515625 0.5185546875 0.041015625 0.0546875
40 0.66015625 0.4951171875 0.115234375 0.1953125
38 0.6171875 0.51953125 0.119140625 0.20703125
50 0.5439453125 0.5419921875 0.064453125 0.07421875
36 0.5791015625 0.5390625 0.103515625 0.21484375
64 0.173828125 0.5712890625 0.095703125 0.099609375
62 0.154296875 0.5751953125 0.04296875 0.064453125
52 0.5087890625 0.568359375 0.16796875 0.275390625
39 0.6708984375 0.560546875 0.03515625 0.037109375
44 0.4697265625 0.603515625 0.05859375 0.0703125
46 0.4384765625 0.6220703125 0.15234375 0.251953125
47 0.3916015625 0.634765625 0.0703125 0.0703125
51 0.5439453125 0.6455078125 0.05859375 0.072265625
49 0.3583984375 0.6640625 0.169921875 0.27734375
41 0.28125 0.697265625 0.091796875 0.064453125
45 0.474609375 0.693359375 0.05859375 0.06640625
43 0.255859375 0.73828125 0.22265625 0.30859375
48 0.4033203125 0.740234375 0.0703125 0.078125
42 0.2939453125 0.7998046875 0.125 0.125