36 0.2177734375 0.361328125 0.1328125 0.18359375
49 0.1533203125 0.37890625 0.1328125 0.171875
62 0.365234375 0.3681640625 0.06640625 0.03515625
30 0.6044921875 0.36328125 0.064453125 0.12890625
7 0.5224609375 0.373046875 0.064453125 0.013671875
8 0.4931640625 0.37890625 0.181640625 0.056640625
6 0.455078125 0.3857421875 0.05078125 0.033203125
29 0.603515625 0.3828125 0.029296875 0.06640625
14 0.650390625 0.3837890625 0.0390625 0.0078125
47 0.1689453125 0.4189453125 0.0625 0.04296875
13 0.6416015625 0.392578125 0.013671875 0.01171875
20 0.306640625 0.421875 0.05078125 0.103515625
21 0.306640625 0.42578125 0.12890625 0.224609375
4 0.53125 0.4140625 0.083984375 0.021484375
64 0.373046875 0.4248046875 0.11328125 0.228515625
5 0.49609375 0.416015625 0.177734375 0.060546875
3 0.453125 0.4228515625 0.0625 0.0390625
13 0.6513671875 0.4189453125 0.03515625 0.025390625
51 0.11328125 0.462890625 0.078125 0.03515625
37 0.2568359375 0.4599609375 0.05859375 0.03125
15 0.646484375 0.4326171875 0.091796875 0.140625
4 0.568359375 0.4443359375 0.08203125 0.021484375
5 0.515625 0.4482421875 0.2109375 0.052734375
45 0.1923828125 0.47265625 0.060546875 0.025390625
3 0.4755859375 0.455078125 0.05078125 0.029296875
63 0.3896484375 0.4609375 0.05859375 0.109375
52 0.1328125 0.490234375 0.138671875 0.13671875
14 0.64453125 0.462890625 0.0390625 0.06640625
19 0.3330078125 0.486328125 0.044921875 0.021484375
38 0.2666015625 0.4912109375 0.1015625 0.10546875
5 0.51953125 0.4736328125 0.201171875 0.05078125
4 0.568359375 0.4697265625 0.078125 0.01953125
46 0.2060546875 0.4990234375 0.10546875 0.099609375
3 0.4794921875 0.4794921875 0.046875 0.02734375
53 0.7314453125 0.4716796875 0.03515625 0.021484375
50 0.1484375 0.5166015625 0.068359375 0.0390625
55 0.7392578125 0.4775390625 0.142578125 0.134765625
44 0.212890625 0.5166015625 0.060546875 0.033203125
54 0.7314453125 0.4814453125 0.072265625 0.0546875
2 0.517578125 0.4990234375 0.1953125 0.048828125
1 0.568359375 0.4970703125 0.072265625 0.021484375
0 0.4765625 0.505859375 0.044921875 0.025390625
58 0.83984375 0.48828125 0.140625 0.1875
57 0.8271484375 0.5029296875 0.0546875 0.05859375
11 0.8916015625 0.52734375 0.0390625 0.029296875
12 0.8935546875 0.53515625 0.107421875 0.11328125
56 0.810546875 0.544921875 0.060546875 0.0625
31 0.412109375 0.189453125 0.03125 0.0078125
27 0.46875 0.1884765625 0.041015625 0.0078125
33 0.5419921875 0.2265625 0.046875 0.01171875
39 0.0439453125 0.275390625 0.0625 0.01953125
43 0.298828125 0.2578125 0.189453125 0.13671875
42 0.26171875 0.27734375 0.07421875 0.083984375
41 0.3427734375 0.2724609375 0.04296875 0.0625
35 0.197265625 0.2900390625 0.0703125 0.02734375
28 0.470703125 0.2734375 0.078125 0.189453125
32 0.412109375 0.27734375 0.0859375 0.1953125
27 0.47265625 0.2783203125 0.044921875 0.01953125
47 0.140625 0.3095703125 0.04296875 0.01953125
39 0.044921875 0.322265625 0.06640625 0.029296875
34 0.5478515625 0.287109375 0.109375 0.146484375
31 0.423828125 0.3076171875 0.0234375 0.06640625
33 0.544921875 0.30859375 0.076171875 0.033203125
35 0.205078125 0.3408203125 0.07421875 0.04296875
40 0.0712890625 0.3505859375 0.142578125 0.197265625
48 0.1357421875 0.361328125 0.07421875 0.03515625