51 0.560546875 0.38671875 0.06640625 0.021484375
37 0.71875 0.37109375 0.076171875 0.0234375
50 0.611328125 0.3955078125 0.080078125 0.025390625
39 0.814453125 0.380859375 0.046875 0.041015625
37 0.759765625 0.412109375 0.0546875 0.060546875
47 0.4775390625 0.4521484375 0.068359375 0.021484375
35 0.7021484375 0.4365234375 0.06640625 0.06640625
48 0.5166015625 0.4638671875 0.05859375 0.0234375
51 0.634765625 0.447265625 0.08984375 0.08203125
44 0.3955078125 0.4833984375 0.07421875 0.0234375
40 0.7890625 0.44921875 0.15234375 0.236328125
45 0.4267578125 0.5 0.0703125 0.033203125
38 0.7373046875 0.474609375 0.166015625 0.244140625
41 0.2998046875 0.5361328125 0.064453125 0.029296875
42 0.2158203125 0.5537109375 0.091796875 0.03125
48 0.53515625 0.5126953125 0.083984375 0.07421875
36 0.6953125 0.498046875 0.142578125 0.259765625
52 0.6083984375 0.5244140625 0.216796875 0.330078125
45 0.4384765625 0.5537109375 0.1015625 0.0859375
49 0.5126953125 0.5771484375 0.1953125 0.296875
42 0.283203125 0.626953125 0.169921875 0.130859375
50 0.6396484375 0.5810546875 0.0859375 0.091796875
46 0.4228515625 0.62109375 0.20703125 0.32421875
47 0.5458984375 0.6318359375 0.078125 0.08203125
43 0.2763671875 0.6796875 0.26171875 0.34765625
44 0.4560546875 0.677734375 0.095703125 0.09375
41 0.310546875 0.75 0.111328125 0.0703125