7 0.6455078125 0.3896484375 0.044921875 0.01953125
6 0.6171875 0.4072265625 0.05859375 0.01953125
8 0.6318359375 0.43359375 0.1640625 0.134765625
4 0.525390625 0.498046875 0.0859375 0.060546875
1 0.6982421875 0.484375 0.06640625 0.0703125
2 0.654296875 0.49609375 0.173828125 0.15625
5 0.4365234375 0.5390625 0.296875 0.22265625
64 0.7177734375 0.5205078125 0.158203125 0.181640625
63 0.6845703125 0.546875 0.04296875 0.076171875
4 0.33203125 0.5791015625 0.037109375 0.095703125
4 0.55859375 0.5693359375 0.1015625 0.083984375
5 0.47265625 0.6162109375 0.314453125 0.255859375
58 0.2822265625 0.681640625 0.2109375 0.48828125
21 0.5126953125 0.685546875 0.34765625 0.3046875
57 0.306640625 0.7109375 0.103515625 0.12890625
20 0.4501953125 0.7353515625 0.09375 0.12109375
56 0.32421875 0.8251953125 0.111328125 0.15234375