7 0.615234375 0.4560546875 0.044921875 0.01953125
6 0.5869140625 0.474609375 0.0546875 0.025390625
8 0.6015625 0.5 0.173828125 0.1328125
4 0.4892578125 0.5615234375 0.087890625 0.0546875
1 0.6630859375 0.537109375 0.068359375 0.048828125
2 0.623046875 0.5576171875 0.1875 0.15234375
5 0.412109375 0.5947265625 0.29296875 0.208984375
4 0.3056640625 0.6376953125 0.03515625 0.0859375
64 0.68359375 0.57421875 0.181640625 0.1796875
4 0.5205078125 0.625 0.109375 0.076171875
63 0.6455078125 0.60546875 0.05078125 0.0703125
5 0.4404296875 0.6689453125 0.326171875 0.244140625
58 0.2470703125 0.7333984375 0.201171875 0.4453125
4 0.3193359375 0.7265625 0.04296875 0.099609375
57 0.2587890625 0.7626953125 0.111328125 0.12109375
21 0.474609375 0.73828125 0.376953125 0.29296875
20 0.41015625 0.779296875 0.10546875 0.115234375
56 0.2744140625 0.86328125 0.125 0.146484375