43 0.2666015625 0.2099609375 0.091796875 0.130859375
20 0.3115234375 0.283203125 0.119140625 0.0625
63 0.375 0.3408203125 0.14453125 0.087890625
19 0.275390625 0.376953125 0.06640625 0.076171875
62 0.3359375 0.4287109375 0.072265625 0.08203125
21 0.3076171875 0.439453125 0.177734375 0.390625
62 0.4130859375 0.4755859375 0.056640625 0.05078125
64 0.3720703125 0.4833984375 0.185546875 0.392578125
4 0.568359375 0.509765625 0.08984375 0.0625
20 0.2841796875 0.515625 0.052734375 0.173828125
4 0.513671875 0.5439453125 0.09375 0.068359375
63 0.345703125 0.56640625 0.060546875 0.1640625
4 0.4013671875 0.5927734375 0.01953125 0.076171875
1 0.591796875 0.6142578125 0.09375 0.07421875
3 0.46875 0.61328125 0.072265625 0.0859375
5 0.42578125 0.611328125 0.1015625 0.228515625
5 0.494140625 0.642578125 0.162109375 0.29296875
0 0.5419921875 0.66796875 0.08203125 0.091796875
2 0.5654296875 0.703125 0.197265625 0.296875
4 0.4541015625 0.708984375 0.037109375 0.09765625
1 0.5078125 0.7607421875 0.064453125 0.11328125
6 0.6025390625 0.783203125 0.06640625 0.072265625
8 0.61328125 0.7958984375 0.1875 0.244140625
7 0.5810546875 0.8603515625 0.033203125 0.052734375
58 0.3388671875 0.1123046875 0.05078125 0.1640625
57 0.333984375 0.1220703125 0.03125 0.037109375
56 0.3359375 0.1630859375 0.03515625 0.044921875
47 0.1982421875 0.1767578125 0.037109375 0.044921875
49 0.2099609375 0.181640625 0.083984375 0.12890625
41 0.25390625 0.193359375 0.03515625 0.025390625