50 0.431640625 0.5205078125 0.02734375 0.013671875
50 0.3828125 0.5107421875 0.029296875 0.013671875
51 0.5390625 0.548828125 0.052734375 0.037109375
51 0.4833984375 0.5380859375 0.052734375 0.037109375
51 0.4287109375 0.5419921875 0.04296875 0.03125
51 0.380859375 0.5302734375 0.04296875 0.03125
45 0.279296875 0.5107421875 0.044921875 0.03125
42 0.220703125 0.51171875 0.0625 0.044921875
52 0.5302734375 0.5849609375 0.0859375 0.138671875
52 0.474609375 0.57421875 0.0859375 0.13671875
52 0.421875 0.5703125 0.076171875 0.12109375
52 0.3759765625 0.5595703125 0.076171875 0.119140625
46 0.2763671875 0.541015625 0.08203125 0.123046875
43 0.2177734375 0.53125 0.09765625 0.12109375
50 0.525390625 0.6064453125 0.0546875 0.048828125
50 0.4697265625 0.595703125 0.0546875 0.048828125
50 0.4189453125 0.58984375 0.044921875 0.041015625
50 0.373046875 0.5810546875 0.044921875 0.041015625
44 0.271484375 0.5615234375 0.046875 0.04296875
41 0.2119140625 0.5595703125 0.04296875 0.03125
41 0.44921875 0.701171875 0.021484375 0.01171875
41 0.392578125 0.689453125 0.0234375 0.013671875
42 0.4296875 0.724609375 0.056640625 0.0390625
42 0.37109375 0.712890625 0.056640625 0.0390625
43 0.42578125 0.7431640625 0.083984375 0.1171875
43 0.3671875 0.7294921875 0.087890625 0.115234375
41 0.419921875 0.7705078125 0.041015625 0.029296875
41 0.3603515625 0.7587890625 0.041015625 0.029296875