39 0.36328125 0.48046875 0.03125 0.03515625
37 0.3779296875 0.5205078125 0.048828125 0.046875
40 0.3701171875 0.5283203125 0.10546875 0.158203125
35 0.4052734375 0.5615234375 0.0546875 0.0546875
38 0.396484375 0.56640625 0.115234375 0.162109375
36 0.4189453125 0.5908203125 0.109375 0.134765625
50 0.462890625 0.5947265625 0.044921875 0.04296875
51 0.41796875 0.615234375 0.0390625 0.04296875
52 0.4521484375 0.654296875 0.150390625 0.203125
44 0.5078125 0.671875 0.04296875 0.044921875
45 0.4697265625 0.6884765625 0.03515625 0.0390625
45 0.45703125 0.7080078125 0.03515625 0.0703125
46 0.4951171875 0.7177734375 0.13671875 0.17578125
47 0.548828125 0.7216796875 0.044921875 0.046875
44 0.46484375 0.75390625 0.02734375 0.05859375
48 0.505859375 0.7490234375 0.025390625 0.037109375
48 0.4970703125 0.76953125 0.0390625 0.078125
49 0.537109375 0.775390625 0.15234375 0.189453125
41 0.578125 0.791015625 0.046875 0.046875
47 0.5009765625 0.8134765625 0.03515625 0.072265625
42 0.5732421875 0.8486328125 0.06640625 0.1171875
42 0.59765625 0.841796875 0.0390625 0.056640625
43 0.6005859375 0.8466796875 0.16015625 0.2109375
41 0.5703125 0.8837890625 0.037109375 0.064453125