19 0.5234375 0.4208984375 0.10546875 0.14453125
21 0.3671875 0.46484375 0.603515625 0.291015625
20 0.28125 0.5 0.318359375 0.1328125
62 0.5166015625 0.5625 0.080078125 0.109375
64 0.390625 0.59765625 0.61328125 0.30078125
63 0.3388671875 0.6162109375 0.240234375 0.125
5 0.337890625 0.7255859375 0.349609375 0.193359375
4 0.2548828125 0.755859375 0.134765625 0.06640625
8 0.3623046875 0.82421875 0.353515625 0.197265625
6 0.44140625 0.80859375 0.115234375 0.1015625
7 0.30078125 0.8583984375 0.123046875 0.0546875
0 0.37109375 0.21484375 0.150390625 0.109375
1 0.18359375 0.271484375 0.2109375 0.12109375
2 0.26953125 0.251953125 0.421875 0.21484375
4 0.3515625 0.3173828125 0.216796875 0.103515625
5 0.2666015625 0.3525390625 0.498046875 0.26171875