20 0.541015625 0.4609375 0.072265625 0.1015625
62 0.638671875 0.48046875 0.099609375 0.05859375
6 0.306640625 0.62890625 0.080078125 0.10546875
4 0.392578125 0.638671875 0.0546875 0.197265625
21 0.537109375 0.669921875 0.140625 0.55078125
64 0.6640625 0.671875 0.17578125 0.564453125
63 0.669921875 0.71484375 0.109375 0.3046875
5 0.384765625 0.740234375 0.15625 0.4375
8 0.28125 0.74609375 0.1484375 0.390625
7 0.310546875 0.796875 0.03515625 0.158203125
3 0.38671875 0.8359375 0.1171875 0.173828125