4 0.50390625 0.3779296875 0.109375 0.02734375
5 0.4462890625 0.421875 0.28125 0.126953125
3 0.373046875 0.44140625 0.080078125 0.068359375
4 0.494140625 0.421875 0.140625 0.0546875
3 0.630859375 0.4072265625 0.05078125 0.01953125
4 0.6982421875 0.3955078125 0.0703125 0.017578125
5 0.6650390625 0.4228515625 0.181640625 0.091796875
4 0.705078125 0.423828125 0.083984375 0.03125
3 0.6279296875 0.439453125 0.06640625 0.05078125
5 0.45703125 0.490234375 0.265625 0.109375
3 0.3837890625 0.5068359375 0.08203125 0.06640625
4 0.5029296875 0.4853515625 0.134765625 0.05078125
5 0.6650390625 0.470703125 0.173828125 0.078125
4 0.701171875 0.46875 0.08203125 0.029296875
3 0.6240234375 0.482421875 0.060546875 0.046875