7 0.623046875 0.5068359375 0.044921875 0.021484375
6 0.58984375 0.5126953125 0.0546875 0.02734375
8 0.5927734375 0.541015625 0.1796875 0.142578125
4 0.46484375 0.5517578125 0.08984375 0.060546875
1 0.6337890625 0.599609375 0.0703125 0.052734375
2 0.5888671875 0.6025390625 0.193359375 0.162109375
5 0.380859375 0.55078125 0.298828125 0.224609375
4 0.2666015625 0.546875 0.041015625 0.0859375
64 0.6376953125 0.642578125 0.19140625 0.1875
4 0.4677734375 0.623046875 0.111328125 0.08203125
63 0.58984375 0.6552734375 0.0546875 0.072265625
5 0.376953125 0.6298828125 0.3359375 0.26171875
58 0.1748046875 0.6103515625 0.228515625 0.447265625
4 0.2431640625 0.6328125 0.048828125 0.099609375
57 0.1728515625 0.6416015625 0.1171875 0.125
21 0.3798828125 0.7080078125 0.38671875 0.3125
20 0.3046875 0.71875 0.111328125 0.12109375
56 0.146484375 0.740234375 0.1328125 0.15234375