4 0.328125 0.4267578125 0.0625 0.033203125
5 0.318359375 0.43359375 0.181640625 0.103515625
40 0.0712890625 0.4697265625 0.08203125 0.12109375
8 0.537109375 0.4306640625 0.255859375 0.1328125
58 0.21875 0.4716796875 0.095703125 0.23828125
57 0.21875 0.4814453125 0.041015625 0.0546875
39 0.0703125 0.51171875 0.033203125 0.0234375
4 0.3623046875 0.4970703125 0.087890625 0.046875
5 0.3349609375 0.5029296875 0.197265625 0.12109375
30 0.154296875 0.5244140625 0.1171875 0.044921875
29 0.1611328125 0.5283203125 0.068359375 0.0234375
56 0.2333984375 0.54296875 0.048828125 0.06640625
2 0.57421875 0.5107421875 0.3203125 0.171875
20 0.2822265625 0.5546875 0.05078125 0.056640625
1 0.609375 0.5263671875 0.166015625 0.099609375
21 0.3818359375 0.5771484375 0.271484375 0.171875
63 0.5625 0.5888671875 0.0859375 0.08984375
64 0.748046875 0.619140625 0.50390625 0.29296875