20 0.3837890625 0.3037109375 0.083984375 0.046875
63 0.4326171875 0.3466796875 0.111328125 0.06640625
62 0.384765625 0.4453125 0.037109375 0.056640625
21 0.37890625 0.4462890625 0.158203125 0.353515625
64 0.4248046875 0.4853515625 0.173828125 0.359375
4 0.5615234375 0.51953125 0.076171875 0.05859375
20 0.3447265625 0.505859375 0.033203125 0.16015625
4 0.5078125 0.5400390625 0.078125 0.0625
63 0.380859375 0.541015625 0.03515625 0.12890625
4 0.4130859375 0.5791015625 0.01953125 0.076171875
1 0.5576171875 0.603515625 0.0703125 0.072265625
3 0.4638671875 0.6005859375 0.056640625 0.080078125
5 0.423828125 0.607421875 0.078125 0.21875
0 0.5185546875 0.650390625 0.068359375 0.09375
2 0.5380859375 0.697265625 0.1796875 0.291015625
4 0.4482421875 0.693359375 0.033203125 0.099609375
6 0.5576171875 0.7578125 0.056640625 0.072265625
1 0.4853515625 0.75390625 0.0546875 0.099609375
8 0.5732421875 0.7890625 0.169921875 0.2421875
7 0.5390625 0.8427734375 0.03125 0.05859375