19 0.244140625 0.455078125 0.103515625 0.060546875
62 0.35546875 0.4765625 0.076171875 0.044921875
0 0.626953125 0.544921875 0.07421875 0.11328125
3 0.54296875 0.5625 0.076171875 0.115234375
6 0.7109375 0.587890625 0.056640625 0.083984375
64 0.357421875 0.591796875 0.1328125 0.484375
21 0.251953125 0.599609375 0.1328125 0.4921875
4 0.447265625 0.609375 0.03515625 0.12109375
63 0.3671875 0.626953125 0.05859375 0.189453125
2 0.62890625 0.6328125 0.09765625 0.33984375
5 0.533203125 0.640625 0.123046875 0.353515625
20 0.263671875 0.6640625 0.052734375 0.2734375
8 0.708984375 0.6640625 0.08984375 0.267578125
5 0.458984375 0.677734375 0.1015625 0.291015625
1 0.62109375 0.701171875 0.056640625 0.173828125
7 0.7265625 0.70703125 0.01953125 0.10546875
4 0.546875 0.708984375 0.0390625 0.171875