4 0.3212890625 0.4453125 0.064453125 0.0390625
5 0.3125 0.453125 0.1875 0.119140625
40 0.0703125 0.5146484375 0.091796875 0.125
8 0.529296875 0.4267578125 0.26171875 0.15625
58 0.2177734375 0.5009765625 0.119140625 0.2421875
57 0.2177734375 0.5107421875 0.044921875 0.056640625
39 0.07421875 0.556640625 0.03515625 0.025390625
4 0.3623046875 0.51171875 0.08984375 0.0546875
5 0.3359375 0.51953125 0.203125 0.138671875
30 0.1591796875 0.560546875 0.1171875 0.056640625
29 0.166015625 0.5634765625 0.068359375 0.029296875
56 0.2392578125 0.5703125 0.0546875 0.0703125
2 0.5751953125 0.5029296875 0.328125 0.201171875
20 0.2890625 0.5771484375 0.0546875 0.060546875
1 0.611328125 0.5146484375 0.169921875 0.115234375
21 0.390625 0.58984375 0.28125 0.197265625
63 0.5712890625 0.58203125 0.091796875 0.09765625
64 0.75 0.591796875 0.5 0.33984375