4 0.494140625 0.3779296875 0.107421875 0.03515625
5 0.4404296875 0.4267578125 0.283203125 0.150390625
3 0.3681640625 0.4521484375 0.083984375 0.07421875
4 0.4873046875 0.4228515625 0.140625 0.06640625
3 0.6220703125 0.396484375 0.05078125 0.0234375
4 0.6875 0.37890625 0.0703125 0.0234375
5 0.6572265625 0.4091796875 0.18359375 0.10546875
4 0.697265625 0.40625 0.083984375 0.0390625
3 0.6220703125 0.4287109375 0.068359375 0.0546875
5 0.4560546875 0.4931640625 0.265625 0.130859375
3 0.384765625 0.5166015625 0.0859375 0.072265625
4 0.501953125 0.4853515625 0.134765625 0.060546875
5 0.662109375 0.4560546875 0.17578125 0.08984375
4 0.697265625 0.451171875 0.08203125 0.03515625
3 0.6220703125 0.4716796875 0.0625 0.05078125