53 0.5693359375 0.52734375 0.05859375 0.021484375
54 0.5703125 0.55859375 0.119140625 0.037109375
55 0.5703125 0.564453125 0.21484375 0.169921875
14 0.265625 0.62890625 0.083984375 0.0859375
27 0.3544921875 0.6494140625 0.0625 0.0234375
11 0.6962890625 0.6455078125 0.052734375 0.013671875
29 0.6337890625 0.6494140625 0.046875 0.0703125
33 0.53515625 0.6552734375 0.107421875 0.02734375
31 0.4375 0.662109375 0.029296875 0.056640625
15 0.2509765625 0.6884765625 0.18359375 0.2109375
13 0.2392578125 0.6884765625 0.06640625 0.03515625
32 0.4248046875 0.6845703125 0.099609375 0.19140625
28 0.3466796875 0.69140625 0.125 0.193359375
34 0.5439453125 0.6884765625 0.158203125 0.171875
30 0.6396484375 0.6884765625 0.103515625 0.166015625
12 0.7255859375 0.69921875 0.17578125 0.154296875
13 0.25 0.7373046875 0.02734375 0.025390625
14 0.2275390625 0.755859375 0.076171875 0.017578125