39 0.5546875 0.3720703125 0.0390625 0.03515625
39 0.5859375 0.3837890625 0.021484375 0.037109375
37 0.5322265625 0.4111328125 0.052734375 0.04296875
40 0.564453125 0.435546875 0.123046875 0.19140625
35 0.5205078125 0.4541015625 0.064453125 0.052734375
51 0.470703125 0.4951171875 0.052734375 0.044921875
38 0.5537109375 0.48046875 0.138671875 0.208984375
50 0.52734375 0.4951171875 0.064453125 0.048828125
36 0.5478515625 0.5224609375 0.140625 0.21875
52 0.5205078125 0.5732421875 0.1875 0.271484375
48 0.46875 0.5927734375 0.046875 0.04296875
47 0.5166015625 0.5927734375 0.060546875 0.048828125
48 0.4482421875 0.662109375 0.05078125 0.05078125
49 0.5126953125 0.65625 0.171875 0.244140625
47 0.5029296875 0.6640625 0.0703125 0.0625
49 0.4931640625 0.7294921875 0.1953125 0.267578125
41 0.4755859375 0.75 0.05859375 0.0546875
47 0.5517578125 0.7626953125 0.044921875 0.08203125
42 0.443359375 0.8125 0.07421875 0.08203125
42 0.517578125 0.8212890625 0.08984375 0.16015625
43 0.478515625 0.84765625 0.22265625 0.3046875
42 0.4599609375 0.87890625 0.080078125 0.064453125