3 0.412109375 0.3671875 0.080078125 0.060546875
5 0.4853515625 0.37890625 0.267578125 0.109375
4 0.53125 0.390625 0.134765625 0.048828125
4 0.7294921875 0.44921875 0.080078125 0.029296875
3 0.65625 0.439453125 0.0625 0.048828125
5 0.6884765625 0.4453125 0.171875 0.078125
4 0.61328125 0.4345703125 0.0078125 0.041015625
3 0.3994140625 0.4345703125 0.078125 0.05859375
5 0.47265625 0.4462890625 0.267578125 0.109375
4 0.5185546875 0.455078125 0.134765625 0.046875
4 0.7158203125 0.4970703125 0.080078125 0.029296875
5 0.6796875 0.4912109375 0.169921875 0.07421875
4 0.6005859375 0.478515625 0.009765625 0.037109375
3 0.64453125 0.4873046875 0.0625 0.048828125
63 0.4453125 0.6103515625 0.05078125 0.05078125
64 0.4306640625 0.6533203125 0.076171875 0.1875
64 0.431640625 0.6689453125 0.09375 0.1953125