7 0.654296875 0.3505859375 0.05859375 0.025390625
6 0.607421875 0.3818359375 0.076171875 0.029296875
7 0.703125 0.373046875 0.05859375 0.03515625
8 0.6455078125 0.3955078125 0.232421875 0.15234375
4 0.4912109375 0.421875 0.103515625 0.044921875
62 0.7998046875 0.3828125 0.048828125 0.0234375
6 0.6484375 0.4130859375 0.052734375 0.064453125
1 0.7529296875 0.412109375 0.0625 0.046875
4 0.5341796875 0.462890625 0.11328125 0.0703125
2 0.7060546875 0.4375 0.1953125 0.16015625
62 0.82421875 0.4267578125 0.025390625 0.048828125
0 0.677734375 0.4580078125 0.052734375 0.064453125
5 0.4404296875 0.49609375 0.337890625 0.2109375
64 0.7744140625 0.45703125 0.21875 0.203125
3 0.427734375 0.517578125 0.09375 0.08984375
4 0.31640625 0.5390625 0.056640625 0.06640625
63 0.7734375 0.466796875 0.087890625 0.08203125
58 0.2529296875 0.6103515625 0.259765625 0.509765625
57 0.2568359375 0.6494140625 0.134765625 0.134765625
21 0.521484375 0.634765625 0.4140625 0.318359375
20 0.431640625 0.6806640625 0.1171875 0.123046875
56 0.2939453125 0.76171875 0.146484375 0.162109375