4 0.330078125 0.3564453125 0.03125 0.09375
1 0.431640625 0.365234375 0.02734375 0.0703125
4 0.2890625 0.37890625 0.021484375 0.0625
5 0.3330078125 0.3828125 0.072265625 0.177734375
60 0.734375 0.3544921875 0.02734375 0.0703125
60 0.6953125 0.359375 0.025390625 0.072265625
63 0.775390625 0.3525390625 0.02734375 0.072265625
20 0.6533203125 0.365234375 0.01953125 0.068359375
1 0.3984375 0.3876953125 0.021484375 0.0546875
4 0.26171875 0.4033203125 0.017578125 0.056640625
1 0.373046875 0.3935546875 0.017578125 0.044921875
2 0.431640625 0.392578125 0.0546875 0.138671875
4 0.2373046875 0.4091796875 0.015625 0.044921875
64 0.7763671875 0.3623046875 0.056640625 0.119140625
61 0.7353515625 0.3671875 0.052734375 0.123046875
61 0.6962890625 0.373046875 0.0546875 0.119140625
21 0.65234375 0.376953125 0.060546875 0.119140625
5 0.2978515625 0.408203125 0.060546875 0.140625
2 0.400390625 0.4111328125 0.044921875 0.107421875
5 0.267578125 0.423828125 0.048828125 0.111328125
2 0.373046875 0.4169921875 0.037109375 0.1015625
5 0.2412109375 0.4306640625 0.0390625 0.1015625
3 0.34375 0.4375 0.037109375 0.046875
0 0.4345703125 0.4296875 0.03515625 0.04296875
3 0.2451171875 0.4541015625 0.021484375 0.02734375
3 0.2724609375 0.451171875 0.03125 0.0390625
0 0.376953125 0.4423828125 0.021484375 0.029296875
19 0.6591796875 0.4189453125 0.033203125 0.013671875
17 0.314453125 0.5771484375 0.02734375 0.0234375
17 0.341796875 0.576171875 0.0234375 0.0234375
18 0.3486328125 0.580078125 0.044921875 0.107421875
18 0.3154296875 0.5849609375 0.044921875 0.109375
16 0.3193359375 0.6103515625 0.033203125 0.04296875
16 0.3466796875 0.609375 0.029296875 0.041015625
60 0.662109375 0.689453125 0.033203125 0.015625
60 0.6982421875 0.6865234375 0.03515625 0.015625
60 0.626953125 0.6962890625 0.03125 0.015625
60 0.666015625 0.734375 0.017578125 0.046875
61 0.666015625 0.73828125 0.052734375 0.1171875
61 0.703125 0.7373046875 0.056640625 0.119140625
61 0.62890625 0.7451171875 0.05078125 0.1171875
17 0.5576171875 0.751953125 0.02734375 0.025390625
17 0.5185546875 0.7548828125 0.0234375 0.02734375
17 0.4892578125 0.759765625 0.02734375 0.025390625
61 0.5927734375 0.7509765625 0.046875 0.109375
18 0.5556640625 0.755859375 0.04296875 0.11328125
18 0.5244140625 0.7587890625 0.04296875 0.11328125
18 0.4892578125 0.763671875 0.04296875 0.11328125
60 0.708984375 0.75390625 0.025390625 0.0625
60 0.6328125 0.7646484375 0.0234375 0.060546875
60 0.59375 0.7685546875 0.0234375 0.060546875
16 0.5234375 0.7861328125 0.02734375 0.044921875
16 0.560546875 0.78515625 0.03125 0.04296875
16 0.4921875 0.79296875 0.03125 0.04296875