53 0.3701171875 0.4853515625 0.033203125 0.05859375
54 0.390625 0.51171875 0.05859375 0.11328125
55 0.3818359375 0.517578125 0.162109375 0.275390625
29 0.5205078125 0.5244140625 0.12109375 0.03515625
30 0.5341796875 0.5400390625 0.19921875 0.08984375
33 0.5361328125 0.5849609375 0.056640625 0.08984375
11 0.3388671875 0.595703125 0.041015625 0.0625
34 0.5244140625 0.5908203125 0.2109375 0.140625
12 0.33984375 0.611328125 0.142578125 0.22265625
31 0.5263671875 0.6845703125 0.125 0.04296875
32 0.5537109375 0.685546875 0.310546875 0.12109375
28 0.5478515625 0.76171875 0.337890625 0.13671875
27 0.5595703125 0.76171875 0.0546875 0.07421875
14 0.5087890625 0.861328125 0.255859375 0.103515625
13 0.6728515625 0.873046875 0.080078125 0.08984375
15 0.552734375 0.884765625 0.40625 0.23046875