50 0.4873046875 0.4833984375 0.091796875 0.083984375
41 0.73046875 0.4404296875 0.06640625 0.048828125
47 0.6484375 0.46484375 0.072265625 0.072265625
44 0.5771484375 0.4853515625 0.072265625 0.068359375
52 0.49609375 0.515625 0.14453125 0.228515625
40 0.25 0.5869140625 0.150390625 0.228515625
36 0.4130859375 0.5458984375 0.12890625 0.20703125
38 0.330078125 0.568359375 0.134765625 0.208984375
49 0.6533203125 0.4921875 0.119140625 0.18359375
46 0.5791015625 0.5107421875 0.1171875 0.18359375
43 0.73828125 0.478515625 0.1328125 0.177734375
42 0.7490234375 0.5205078125 0.09375 0.0703125
51 0.51171875 0.5791015625 0.0859375 0.064453125
35 0.4267578125 0.609375 0.08203125 0.0625
48 0.6669921875 0.548828125 0.0703125 0.052734375
37 0.3466796875 0.62890625 0.078125 0.06640625
45 0.5966796875 0.56640625 0.0703125 0.05078125
39 0.259765625 0.658203125 0.072265625 0.048828125