3 0.5849609375 0.517578125 0.11328125 0.0859375
63 0.353515625 0.583984375 0.203125 0.21875
5 0.5556640625 0.6181640625 0.296875 0.333984375
64 0.3359375 0.6533203125 0.431640625 0.44921875
7 0.642578125 0.6162109375 0.076171875 0.099609375
4 0.53515625 0.6513671875 0.130859375 0.15234375
5 0.5244140625 0.689453125 0.318359375 0.35546875
21 0.404296875 0.71484375 0.447265625 0.5078125
8 0.6328125 0.6884765625 0.275390625 0.33203125
62 0.271484375 0.7529296875 0.099609375 0.10546875
4 0.5009765625 0.73046875 0.138671875 0.177734375
6 0.6123046875 0.75390625 0.09375 0.08984375
20 0.3203125 0.8193359375 0.14453125 0.15625
1 0.572265625 0.8017578125 0.154296875 0.1875