7 0.634765625 0.376953125 0.044921875 0.0234375
6 0.6083984375 0.3974609375 0.05859375 0.025390625
8 0.625 0.4228515625 0.173828125 0.146484375
4 0.525390625 0.4951171875 0.08984375 0.06640625
1 0.6962890625 0.4677734375 0.0703125 0.07421875
2 0.6533203125 0.482421875 0.18359375 0.16796875
5 0.4404296875 0.5439453125 0.3125 0.244140625
64 0.71875 0.5009765625 0.171875 0.193359375
63 0.6875 0.5302734375 0.048828125 0.078125
4 0.33984375 0.59375 0.044921875 0.09765625
4 0.564453125 0.5634765625 0.107421875 0.091796875
5 0.4833984375 0.6181640625 0.330078125 0.27734375
58 0.298828125 0.7001953125 0.25 0.49609375
21 0.5283203125 0.68359375 0.3671875 0.330078125
57 0.326171875 0.7265625 0.11328125 0.134765625
20 0.470703125 0.7392578125 0.1015625 0.126953125
56 0.353515625 0.8388671875 0.123046875 0.16015625