6 0.3486328125 0.3076171875 0.046875 0.029296875
40 0.6923828125 0.3427734375 0.109375 0.138671875
6 0.3291015625 0.3427734375 0.0234375 0.048828125
7 0.4072265625 0.349609375 0.044921875 0.0390625
8 0.37890625 0.361328125 0.1484375 0.15234375
38 0.7265625 0.37109375 0.125 0.140625
7 0.365234375 0.373046875 0.037109375 0.044921875
39 0.65625 0.3857421875 0.029296875 0.029296875
3 0.328125 0.3818359375 0.0234375 0.048828125
36 0.7578125 0.4013671875 0.119140625 0.142578125
7 0.423828125 0.4013671875 0.04296875 0.013671875
37 0.693359375 0.4091796875 0.033203125 0.041015625
5 0.376953125 0.40625 0.14453125 0.14453125
50 0.806640625 0.4169921875 0.0546875 0.0625
52 0.8056640625 0.4267578125 0.146484375 0.171875
4 0.3642578125 0.423828125 0.041015625 0.056640625
35 0.7255859375 0.44140625 0.037109375 0.041015625
5 0.3701171875 0.45703125 0.134765625 0.177734375
44 0.8525390625 0.46875 0.048828125 0.056640625
3 0.3330078125 0.4619140625 0.0234375 0.046875
46 0.8330078125 0.474609375 0.08984375 0.146484375
51 0.7685546875 0.4736328125 0.052734375 0.056640625
4 0.380859375 0.486328125 0.048828125 0.068359375
5 0.359375 0.4951171875 0.11328125 0.17578125
0 0.4609375 0.5009765625 0.041015625 0.06640625
45 0.8203125 0.513671875 0.048828125 0.048828125
4 0.376953125 0.5234375 0.044921875 0.068359375
2 0.5458984375 0.5439453125 0.265625 0.271484375
62 0.4482421875 0.5517578125 0.03125 0.064453125
1 0.5751953125 0.5556640625 0.142578125 0.123046875
1 0.552734375 0.6044921875 0.087890625 0.10546875
19 0.44140625 0.6103515625 0.02734375 0.05859375
64 0.5751953125 0.6474609375 0.3515625 0.35546875
63 0.5595703125 0.6552734375 0.15625 0.185546875
21 0.552734375 0.6982421875 0.318359375 0.345703125
20 0.541015625 0.7255859375 0.146484375 0.19140625
34 0.232421875 0.1884765625 0.068359375 0.09765625
33 0.2333984375 0.1982421875 0.048828125 0.021484375