60 0.3974609375 0.5263671875 0.072265625 0.01953125
59 0.3447265625 0.5205078125 0.0234375 0.01953125
61 0.373046875 0.5341796875 0.16796875 0.06640625
63 0.5439453125 0.5634765625 0.064453125 0.017578125
62 0.5 0.55859375 0.01953125 0.01953125
64 0.5244140625 0.5693359375 0.1484375 0.0625
60 0.345703125 0.552734375 0.080078125 0.021484375
59 0.4013671875 0.55859375 0.0234375 0.021484375
62 0.552734375 0.59375 0.01953125 0.01953125
63 0.505859375 0.5927734375 0.0703125 0.01953125
61 0.36328125 0.58203125 0.185546875 0.103515625
64 0.5283203125 0.603515625 0.16015625 0.0625
59 0.2998046875 0.5888671875 0.03515625 0.048828125
60 0.3798828125 0.599609375 0.10546875 0.03515625
63 0.5478515625 0.626953125 0.078125 0.021484375
62 0.4970703125 0.625 0.0234375 0.025390625
64 0.525390625 0.650390625 0.177734375 0.09765625
61 0.35546875 0.6376953125 0.177734375 0.083984375
63 0.541015625 0.6669921875 0.103515625 0.03125
60 0.3740234375 0.6513671875 0.1015625 0.033203125
59 0.294921875 0.6435546875 0.033203125 0.044921875
62 0.4609375 0.6630859375 0.03125 0.04296875