42 0.326171875 0.388671875 0.0234375 0.05078125
41 0.4423828125 0.3740234375 0.044921875 0.068359375
43 0.3935546875 0.388671875 0.1953125 0.15625
42 0.373046875 0.396484375 0.072265625 0.103515625
27 0.5390625 0.3681640625 0.03515625 0.03515625
28 0.5390625 0.3720703125 0.08984375 0.18359375
32 0.498046875 0.3857421875 0.091796875 0.19140625
41 0.3369140625 0.4287109375 0.0234375 0.033203125
34 0.5888671875 0.37890625 0.091796875 0.134765625
31 0.509765625 0.40234375 0.03125 0.072265625
33 0.591796875 0.3828125 0.052734375 0.03515625
39 0.1357421875 0.5146484375 0.08984375 0.060546875
35 0.322265625 0.4873046875 0.083984375 0.068359375
48 0.24609375 0.5419921875 0.0859375 0.064453125
62 0.4775390625 0.4833984375 0.064453125 0.0546875
30 0.6484375 0.4423828125 0.06640625 0.12890625
7 0.595703125 0.4560546875 0.048828125 0.02734375
8 0.57421875 0.4736328125 0.14453125 0.09765625
29 0.6533203125 0.453125 0.033203125 0.076171875
6 0.55078125 0.484375 0.044921875 0.044921875
36 0.341796875 0.5419921875 0.1484375 0.228515625
40 0.1552734375 0.5947265625 0.205078125 0.28125
13 0.6748046875 0.458984375 0.01171875 0.005859375
4 0.61328125 0.5 0.06640625 0.041015625
49 0.2646484375 0.595703125 0.1640625 0.23046875
13 0.693359375 0.482421875 0.025390625 0.03125
5 0.587890625 0.5166015625 0.15234375 0.115234375
58 0.8544921875 0.4560546875 0.115234375 0.205078125
3 0.5576171875 0.53515625 0.0625 0.060546875
20 0.4306640625 0.5791015625 0.064453125 0.154296875
57 0.8642578125 0.462890625 0.052734375 0.0546875
53 0.767578125 0.4951171875 0.041015625 0.0234375
4 0.6455078125 0.53125 0.0625 0.0390625
64 0.4990234375 0.5712890625 0.150390625 0.330078125
47 0.2822265625 0.630859375 0.083984375 0.076171875
15 0.69921875 0.51953125 0.087890625 0.16015625
21 0.435546875 0.599609375 0.1640625 0.34375
5 0.607421875 0.5537109375 0.177734375 0.125
54 0.7724609375 0.51171875 0.08203125 0.044921875
55 0.7783203125 0.5126953125 0.150390625 0.130859375
14 0.7041015625 0.5380859375 0.04296875 0.08984375
3 0.583984375 0.5703125 0.046875 0.046875
63 0.517578125 0.6044921875 0.080078125 0.1640625
4 0.6533203125 0.568359375 0.064453125 0.041015625
56 0.8701171875 0.515625 0.060546875 0.064453125
5 0.6181640625 0.59375 0.173828125 0.126953125
37 0.3818359375 0.6611328125 0.076171875 0.0703125
3 0.59375 0.6083984375 0.046875 0.046875
1 0.6630859375 0.6015625 0.060546875 0.041015625
12 0.919921875 0.537109375 0.099609375 0.087890625
11 0.919921875 0.537109375 0.0390625 0.025390625
19 0.462890625 0.669921875 0.05078125 0.037109375
51 0.2099609375 0.7373046875 0.1171875 0.09375
45 0.310546875 0.712890625 0.083984375 0.0703125
2 0.6259765625 0.6298828125 0.171875 0.12890625
0 0.5966796875 0.650390625 0.046875 0.046875
38 0.3984375 0.7158203125 0.13671875 0.20703125
46 0.328125 0.7646484375 0.14453125 0.2109375
52 0.2314453125 0.8046875 0.208984375 0.27734375
44 0.337890625 0.7919921875 0.08203125 0.07421875
50 0.2529296875 0.8388671875 0.107421875 0.09375