4 0.32421875 0.3583984375 0.029296875 0.091796875
4 0.283203125 0.359375 0.033203125 0.09375
1 0.244140625 0.3583984375 0.041015625 0.09375
1 0.2041015625 0.365234375 0.04296875 0.126953125
4 0.3544921875 0.3857421875 0.01953125 0.0703125
7 0.37890625 0.3984375 0.013671875 0.05859375
5 0.3017578125 0.400390625 0.103515625 0.23046875
8 0.37890625 0.416015625 0.0703125 0.16796875
5 0.34765625 0.4140625 0.05859375 0.17578125
5 0.26171875 0.40625 0.115234375 0.2421875
2 0.2197265625 0.408203125 0.12109375 0.25390625
3 0.3466796875 0.451171875 0.03125 0.044921875
21 0.173828125 0.4326171875 0.095703125 0.115234375
3 0.3154296875 0.4521484375 0.03515625 0.052734375
6 0.376953125 0.462890625 0.03125 0.044921875
19 0.1455078125 0.4384765625 0.0390625 0.0703125
3 0.27734375 0.45703125 0.0390625 0.0546875
0 0.236328125 0.4677734375 0.04296875 0.056640625
40 0.658203125 0.525390625 0.123046875 0.201171875
38 0.611328125 0.541015625 0.12890625 0.2109375
50 0.53515625 0.5498046875 0.068359375 0.078125
36 0.5703125 0.5537109375 0.115234375 0.21875
64 0.166015625 0.5078125 0.1015625 0.103515625
62 0.146484375 0.5078125 0.046875 0.06640625
52 0.4951171875 0.568359375 0.181640625 0.28125
39 0.65625 0.591796875 0.037109375 0.0390625
44 0.451171875 0.5966796875 0.0625 0.072265625
46 0.416015625 0.607421875 0.166015625 0.2578125
47 0.3681640625 0.611328125 0.07421875 0.07421875
51 0.5146484375 0.6513671875 0.0625 0.07421875
49 0.330078125 0.634765625 0.18359375 0.283203125
41 0.2470703125 0.65234375 0.09375 0.068359375
45 0.4375 0.685546875 0.0625 0.068359375
43 0.21484375 0.6875 0.23828125 0.318359375
48 0.359375 0.716796875 0.072265625 0.08203125
42 0.240234375 0.755859375 0.130859375 0.130859375