3 0.390625 0.384765625 0.072265625 0.052734375
5 0.46484375 0.3837890625 0.26171875 0.07421875
4 0.51171875 0.38671875 0.130859375 0.03125
4 0.716796875 0.41015625 0.078125 0.01953125
3 0.642578125 0.4130859375 0.056640625 0.04296875
5 0.67578125 0.4130859375 0.166015625 0.0546875
4 0.6005859375 0.416015625 0.001953125 0.041015625
3 0.3896484375 0.453125 0.072265625 0.05078125
5 0.4638671875 0.4521484375 0.26171875 0.07421875
4 0.5107421875 0.453125 0.1328125 0.029296875
4 0.7119140625 0.458984375 0.078125 0.01953125
5 0.6748046875 0.4599609375 0.1640625 0.05078125
4 0.5947265625 0.4609375 0.00390625 0.037109375
3 0.6396484375 0.4619140625 0.056640625 0.04296875
63 0.46484375 0.6181640625 0.044921875 0.044921875
64 0.4580078125 0.6630859375 0.052734375 0.181640625
64 0.4619140625 0.6787109375 0.068359375 0.189453125