53 0.546875 0.30859375 0.060546875 0.037109375
11 0.3798828125 0.34375 0.068359375 0.046875
55 0.5419921875 0.3466796875 0.251953125 0.24609375
12 0.365234375 0.3583984375 0.171875 0.27734375
54 0.5537109375 0.34765625 0.125 0.07421875
29 0.6728515625 0.447265625 0.103515625 0.099609375
33 0.5888671875 0.48828125 0.115234375 0.07421875
30 0.6865234375 0.4833984375 0.203125 0.212890625
34 0.5966796875 0.5126953125 0.26953125 0.25
31 0.482421875 0.5537109375 0.095703125 0.1015625
32 0.5205078125 0.6044921875 0.283203125 0.33203125
27 0.42578125 0.6171875 0.08984375 0.072265625
14 0.2685546875 0.6376953125 0.125 0.212890625
28 0.4345703125 0.6494140625 0.275390625 0.35546875
15 0.3173828125 0.712890625 0.3203125 0.431640625
31 0.5986328125 0.73046875 0.05078125 0.0390625
13 0.35546875 0.7587890625 0.1015625 0.09375
27 0.509765625 0.78125 0.07421875 0.052734375
13 0.4287109375 0.818359375 0.03515625 0.025390625
14 0.3955078125 0.853515625 0.107421875 0.068359375