39 0.60546875 0.408203125 0.0390625 0.033203125
39 0.6279296875 0.43359375 0.021484375 0.037109375
37 0.5673828125 0.4345703125 0.052734375 0.04296875
40 0.5859375 0.470703125 0.119140625 0.189453125
35 0.5390625 0.46875 0.064453125 0.052734375
51 0.4755859375 0.482421875 0.05078125 0.04296875
38 0.556640625 0.505859375 0.1328125 0.20703125
50 0.5263671875 0.5078125 0.0625 0.048828125
36 0.533203125 0.541015625 0.134765625 0.216796875
52 0.486328125 0.5751953125 0.181640625 0.267578125
48 0.431640625 0.5693359375 0.044921875 0.04296875
47 0.474609375 0.5908203125 0.05859375 0.046875
48 0.3818359375 0.623046875 0.05078125 0.048828125
49 0.443359375 0.6455078125 0.166015625 0.2421875
47 0.4306640625 0.6494140625 0.0703125 0.060546875
49 0.392578125 0.703125 0.1875 0.263671875
41 0.369140625 0.7138671875 0.056640625 0.0546875
47 0.4306640625 0.7587890625 0.04296875 0.08203125
42 0.3115234375 0.755859375 0.072265625 0.080078125
42 0.375 0.796875 0.0859375 0.16015625
43 0.326171875 0.810546875 0.212890625 0.31640625
42 0.2978515625 0.822265625 0.078125 0.0625