20 0.5615234375 0.287109375 0.09765625 0.072265625
63 0.50390625 0.3369140625 0.125 0.0859375
20 0.5908203125 0.4189453125 0.080078125 0.1875
21 0.5439453125 0.423828125 0.228515625 0.35546875
64 0.4970703125 0.470703125 0.25390625 0.369140625
63 0.470703125 0.4775390625 0.123046875 0.169921875
19 0.5849609375 0.5234375 0.037109375 0.060546875
4 0.3857421875 0.52734375 0.080078125 0.083984375
4 0.4462890625 0.5595703125 0.080078125 0.0859375
63 0.5400390625 0.595703125 0.052734375 0.0859375
5 0.3837890625 0.603515625 0.19140625 0.263671875
1 0.318359375 0.5927734375 0.080078125 0.091796875
5 0.447265625 0.6337890625 0.197265625 0.263671875
3 0.42578125 0.6396484375 0.06640625 0.048828125
4 0.48828125 0.689453125 0.04296875 0.076171875
2 0.3408203125 0.66796875 0.236328125 0.271484375
4 0.4384765625 0.7138671875 0.052734375 0.064453125
1 0.3798828125 0.734375 0.078125 0.107421875
8 0.2919921875 0.7509765625 0.212890625 0.220703125