51 0.666015625 0.392578125 0.072265625 0.037109375
51 0.5810546875 0.4052734375 0.072265625 0.037109375
51 0.501953125 0.4228515625 0.05859375 0.03125
51 0.4326171875 0.435546875 0.05859375 0.03125
45 0.28515625 0.4638671875 0.060546875 0.033203125
42 0.20703125 0.48828125 0.0859375 0.04296875
52 0.5068359375 0.4599609375 0.0859375 0.12109375
52 0.666015625 0.4423828125 0.11328125 0.140625
52 0.5849609375 0.4521484375 0.109375 0.140625
52 0.439453125 0.4716796875 0.083984375 0.12109375
43 0.2109375 0.5 0.12109375 0.15234375
46 0.294921875 0.494140625 0.09375 0.1328125
50 0.5087890625 0.4794921875 0.060546875 0.041015625
50 0.6640625 0.4599609375 0.072265625 0.05078125
50 0.44140625 0.4892578125 0.060546875 0.041015625
50 0.5830078125 0.4716796875 0.072265625 0.048828125
44 0.2978515625 0.5185546875 0.060546875 0.04296875
41 0.2197265625 0.5419921875 0.056640625 0.02734375
42 0.572265625 0.611328125 0.072265625 0.037109375
42 0.490234375 0.625 0.072265625 0.037109375
43 0.57421875 0.63671875 0.09765625 0.09765625
43 0.494140625 0.6484375 0.095703125 0.09765625
41 0.5732421875 0.66015625 0.048828125 0.025390625
41 0.4931640625 0.671875 0.048828125 0.0234375