7 0.31640625 0.5556640625 0.1015625 0.029296875
2 0.6171875 0.5205078125 0.314453125 0.1171875
0 0.5556640625 0.533203125 0.078125 0.0625
1 0.703125 0.5146484375 0.111328125 0.048828125
8 0.2734375 0.5751953125 0.279296875 0.125
6 0.2001953125 0.587890625 0.0859375 0.064453125
63 0.732421875 0.5703125 0.20703125 0.087890625
64 0.6787109375 0.5810546875 0.41015625 0.171875
4 0.3505859375 0.6318359375 0.115234375 0.041015625
5 0.2890625 0.6435546875 0.2734375 0.109375
62 0.56640625 0.607421875 0.056640625 0.0859375
3 0.23828125 0.6552734375 0.08203125 0.060546875
5 0.3271484375 0.6875 0.3359375 0.142578125
4 0.4111328125 0.68359375 0.12890625 0.046875
3 0.267578125 0.7099609375 0.083984375 0.0625
20 0.7509765625 0.66015625 0.21875 0.080078125
21 0.6904296875 0.6748046875 0.404296875 0.158203125
19 0.5830078125 0.6953125 0.0546875 0.083984375
4 0.421875 0.7421875 0.126953125 0.046875
5 0.3408203125 0.7568359375 0.33203125 0.123046875
3 0.279296875 0.76953125 0.08203125 0.0625