56 0.2880859375 0.255859375 0.044921875 0.046875
40 0.623046875 0.36328125 0.11328125 0.162109375
38 0.6748046875 0.388671875 0.125 0.16015625
39 0.5986328125 0.4189453125 0.037109375 0.033203125
36 0.7265625 0.41796875 0.13671875 0.1640625
37 0.6513671875 0.439453125 0.04296875 0.041015625
52 0.79296875 0.4375 0.171875 0.193359375
50 0.7880859375 0.44921875 0.068359375 0.0625
35 0.69921875 0.46875 0.05078125 0.041015625
46 0.8291015625 0.4755859375 0.1015625 0.15625
44 0.8515625 0.4853515625 0.052734375 0.052734375
51 0.7607421875 0.4990234375 0.06640625 0.056640625
45 0.8251953125 0.5244140625 0.05859375 0.044921875
0 0.4052734375 0.5849609375 0.0703125 0.0546875
19 0.5556640625 0.5927734375 0.0625 0.056640625
4 0.4521484375 0.6083984375 0.083984375 0.087890625
4 0.48828125 0.6328125 0.06640625 0.080078125
2 0.37109375 0.66015625 0.212890625 0.234375
62 0.6064453125 0.6416015625 0.05078125 0.044921875
5 0.4189453125 0.671875 0.234375 0.251953125
1 0.3408203125 0.6806640625 0.115234375 0.1171875
21 0.5009765625 0.6962890625 0.28125 0.328125
20 0.4853515625 0.7109375 0.15625 0.173828125
63 0.5654296875 0.7333984375 0.11328125 0.13671875
64 0.5634765625 0.7353515625 0.279296875 0.345703125
6 0.68359375 0.7822265625 0.05859375 0.052734375
5 0.5986328125 0.8203125 0.19140625 0.244140625
4 0.5849609375 0.861328125 0.06640625 0.091796875
8 0.65625 0.8564453125 0.185546875 0.244140625
7 0.6572265625 0.8896484375 0.060546875 0.087890625
58 0.279296875 0.19921875 0.072265625 0.171875
57 0.275390625 0.2158203125 0.0390625 0.0390625