50 0.4951171875 0.4794921875 0.087890625 0.078125
41 0.7353515625 0.53515625 0.064453125 0.044921875
47 0.650390625 0.525390625 0.068359375 0.06640625
44 0.576171875 0.515625 0.068359375 0.064453125
52 0.490234375 0.5126953125 0.126953125 0.22265625
40 0.236328125 0.4814453125 0.1328125 0.224609375
36 0.4013671875 0.5078125 0.115234375 0.203125
38 0.31640625 0.4970703125 0.119140625 0.205078125
49 0.6435546875 0.552734375 0.10546875 0.1796875
46 0.568359375 0.541015625 0.103515625 0.1796875
43 0.7275390625 0.5732421875 0.12109375 0.171875
42 0.720703125 0.6162109375 0.091796875 0.0625
51 0.4794921875 0.578125 0.08203125 0.05859375
35 0.3896484375 0.5712890625 0.078125 0.056640625
48 0.634765625 0.6103515625 0.068359375 0.048828125
37 0.30859375 0.55859375 0.076171875 0.060546875
45 0.5634765625 0.5986328125 0.068359375 0.046875
39 0.216796875 0.5517578125 0.0703125 0.04296875