4 0.2890625 0.48828125 0.015625 0.072265625
4 0.255859375 0.4921875 0.015625 0.07421875
1 0.224609375 0.4912109375 0.0234375 0.07421875
1 0.193359375 0.4931640625 0.01953125 0.08203125
4 0.31640625 0.5087890625 0.013671875 0.060546875
7 0.3359375 0.5185546875 0.005859375 0.052734375
5 0.2744140625 0.529296875 0.060546875 0.1875
8 0.3408203125 0.5361328125 0.037109375 0.13671875
5 0.2509765625 0.53515625 0.048828125 0.1953125
5 0.3134765625 0.5380859375 0.033203125 0.146484375
2 0.2060546875 0.5400390625 0.068359375 0.203125
3 0.3134765625 0.5654296875 0.021484375 0.037109375
19 0.1474609375 0.564453125 0.03515625 0.056640625
3 0.2861328125 0.56640625 0.025390625 0.04296875
3 0.2548828125 0.57421875 0.02734375 0.044921875
6 0.3388671875 0.5751953125 0.0234375 0.037109375
0 0.220703125 0.5830078125 0.029296875 0.046875
41 0.697265625 0.607421875 0.021484375 0.029296875
47 0.662109375 0.6240234375 0.025390625 0.044921875
62 0.15234375 0.623046875 0.03515625 0.056640625
43 0.685546875 0.6357421875 0.064453125 0.154296875
50 0.5810546875 0.6416015625 0.048828125 0.064453125
49 0.6416015625 0.6455078125 0.080078125 0.17578125
44 0.6259765625 0.64453125 0.03125 0.052734375
46 0.6201171875 0.66796875 0.056640625 0.189453125
42 0.6884765625 0.6728515625 0.033203125 0.0546875
52 0.5419921875 0.6728515625 0.140625 0.2578125
48 0.654296875 0.7001953125 0.02734375 0.044921875
36 0.494140625 0.712890625 0.130859375 0.251953125
45 0.619140625 0.72265625 0.03125 0.05078125
51 0.57421875 0.7451171875 0.048828125 0.068359375
38 0.431640625 0.7431640625 0.13671875 0.287109375
40 0.3466796875 0.7822265625 0.162109375 0.33203125
35 0.5185546875 0.78515625 0.052734375 0.06640625
37 0.45703125 0.8232421875 0.05859375 0.08203125
39 0.3896484375 0.8828125 0.095703125 0.080078125