60 0.40234375 0.5419921875 0.072265625 0.015625
59 0.349609375 0.544921875 0.021484375 0.01953125
61 0.3798828125 0.5537109375 0.166015625 0.056640625
63 0.5537109375 0.5556640625 0.064453125 0.015625
62 0.5087890625 0.55859375 0.017578125 0.017578125
64 0.53515625 0.564453125 0.146484375 0.0546875
60 0.35546875 0.576171875 0.078125 0.017578125
59 0.412109375 0.5732421875 0.0234375 0.021484375
62 0.5673828125 0.5849609375 0.017578125 0.017578125
63 0.5205078125 0.5908203125 0.0703125 0.015625
61 0.3779296875 0.6025390625 0.181640625 0.095703125
64 0.5439453125 0.59765625 0.158203125 0.0546875
59 0.31640625 0.619140625 0.033203125 0.046875
60 0.396484375 0.6171875 0.10546875 0.03125
63 0.56640625 0.6181640625 0.076171875 0.017578125
62 0.5166015625 0.6240234375 0.0234375 0.025390625
64 0.548828125 0.64453125 0.173828125 0.087890625
61 0.37890625 0.6591796875 0.17578125 0.076171875
63 0.5673828125 0.6591796875 0.103515625 0.02734375
60 0.3994140625 0.669921875 0.1015625 0.029296875
59 0.3193359375 0.673828125 0.03125 0.044921875
62 0.4873046875 0.6669921875 0.029296875 0.04296875