6 0.40625 0.25 0.060546875 0.021484375
8 0.376953125 0.28515625 0.19140625 0.15625
7 0.322265625 0.2890625 0.044921875 0.037109375
6 0.3798828125 0.298828125 0.044921875 0.0703125
1 0.3056640625 0.3251953125 0.068359375 0.0859375
62 0.224609375 0.3623046875 0.015625 0.052734375
2 0.3408203125 0.3583984375 0.154296875 0.181640625
0 0.373046875 0.3681640625 0.056640625 0.08984375
63 0.2646484375 0.3837890625 0.05859375 0.0703125
4 0.5126953125 0.3681640625 0.1015625 0.087890625
64 0.2783203125 0.384765625 0.173828125 0.193359375
5 0.6103515625 0.392578125 0.322265625 0.265625
3 0.6220703125 0.4033203125 0.10546875 0.12890625
4 0.47265625 0.4453125 0.103515625 0.103515625
4 0.720703125 0.44140625 0.06640625 0.103515625
5 0.5673828125 0.4814453125 0.3203125 0.302734375
3 0.580078125 0.49609375 0.095703125 0.126953125
4 0.3701171875 0.5673828125 0.091796875 0.12109375
58 0.763671875 0.5478515625 0.267578125 0.51953125
4 0.6904296875 0.5576171875 0.052734375 0.09765625
5 0.46484375 0.6162109375 0.3125 0.353515625
57 0.7734375 0.5986328125 0.142578125 0.142578125
3 0.462890625 0.6416015625 0.087890625 0.138671875
20 0.654296875 0.6572265625 0.0859375 0.083984375
4 0.5771484375 0.7080078125 0.05859375 0.1015625