20 0.4921875 0.279296875 0.091796875 0.0625
63 0.453125 0.34375 0.119140625 0.072265625
20 0.5615234375 0.39453125 0.0546875 0.185546875
21 0.517578125 0.4140625 0.185546875 0.33984375
64 0.48828125 0.4736328125 0.212890625 0.3515625
63 0.4658203125 0.4873046875 0.10546875 0.16015625
19 0.587890625 0.49609375 0.029296875 0.05859375
4 0.3994140625 0.5615234375 0.072265625 0.076171875
4 0.466796875 0.5732421875 0.0703125 0.080078125
63 0.5673828125 0.578125 0.04296875 0.08203125
5 0.421875 0.634765625 0.16015625 0.25
1 0.35546875 0.6435546875 0.0703125 0.0859375
5 0.4912109375 0.6435546875 0.16796875 0.248046875
3 0.47265625 0.6552734375 0.0625 0.04296875
4 0.5478515625 0.68359375 0.033203125 0.07421875
2 0.400390625 0.708984375 0.20703125 0.25
4 0.5078125 0.72265625 0.044921875 0.060546875
1 0.4580078125 0.7607421875 0.06640625 0.1015625
8 0.3798828125 0.802734375 0.19140625 0.19921875