1 0.59765625 0.4189453125 0.09375 0.02734375
1 0.6279296875 0.44921875 0.056640625 0.046875
2 0.5546875 0.458984375 0.2265625 0.123046875
0 0.5595703125 0.4677734375 0.05078125 0.05859375
1 0.48046875 0.48046875 0.0625 0.044921875
7 0.3837890625 0.5 0.09765625 0.04296875
63 0.638671875 0.4951171875 0.1015625 0.08203125
8 0.3056640625 0.5400390625 0.32421875 0.197265625
64 0.578125 0.51953125 0.267578125 0.173828125
6 0.2685546875 0.5576171875 0.103515625 0.095703125
62 0.556640625 0.537109375 0.037109375 0.08203125
63 0.4833984375 0.548828125 0.052734375 0.07421875
20 0.6435546875 0.5615234375 0.10546875 0.076171875
4 0.4130859375 0.5859375 0.11328125 0.068359375
5 0.31640625 0.623046875 0.322265625 0.181640625
21 0.6064453125 0.5947265625 0.22265625 0.1796875
3 0.306640625 0.638671875 0.09375 0.08203125
4 0.1904296875 0.654296875 0.0546875 0.064453125
19 0.5615234375 0.6171875 0.037109375 0.080078125
4 0.455078125 0.630859375 0.107421875 0.068359375
5 0.341796875 0.6796875 0.37109375 0.23046875
3 0.33203125 0.7001953125 0.08984375 0.0859375
4 0.462890625 0.6923828125 0.111328125 0.07421875
4 0.2041015625 0.7275390625 0.0546875 0.080078125
5 0.3515625 0.7470703125 0.365234375 0.236328125
3 0.33984375 0.7685546875 0.087890625 0.087890625
4 0.21484375 0.796875 0.052734375 0.080078125