20 0.7021484375 0.35546875 0.060546875 0.02734375
19 0.7001953125 0.384765625 0.068359375 0.04296875
19 0.533203125 0.4150390625 0.080078125 0.03515625
19 0.529296875 0.453125 0.07421875 0.052734375
21 0.7080078125 0.451171875 0.107421875 0.220703125
20 0.708984375 0.458984375 0.041015625 0.080078125
21 0.5458984375 0.517578125 0.125 0.248046875
17 0.46484375 0.5478515625 0.0625 0.064453125
18 0.45703125 0.548828125 0.109375 0.240234375
64 0.62109375 0.5400390625 0.1484375 0.267578125
63 0.6123046875 0.544921875 0.068359375 0.16015625
20 0.5478515625 0.556640625 0.048828125 0.1328125
16 0.474609375 0.611328125 0.078125 0.10546875