4 0.7236328125 0.48046875 0.068359375 0.01171875
4 0.52734375 0.4931640625 0.14453125 0.041015625
5 0.470703125 0.49609375 0.28125 0.091796875
3 0.662109375 0.4873046875 0.048828125 0.01953125
3 0.3984375 0.5029296875 0.080078125 0.05859375
5 0.6904296875 0.505859375 0.17578125 0.080078125
4 0.7294921875 0.509765625 0.078125 0.0234375
3 0.6533203125 0.51953125 0.052734375 0.04296875
5 0.4716796875 0.556640625 0.27734375 0.091796875
4 0.7197265625 0.55078125 0.076171875 0.021484375
5 0.6826171875 0.552734375 0.16796875 0.0546875
3 0.4013671875 0.5673828125 0.076171875 0.052734375
4 0.5205078125 0.5634765625 0.12890625 0.041015625
3 0.6435546875 0.55859375 0.056640625 0.041015625