8 0.599609375 0.462890625 0.146484375 0.08984375
4 0.4970703125 0.4501953125 0.076171875 0.037109375
5 0.4111328125 0.4580078125 0.263671875 0.142578125
4 0.3125 0.4462890625 0.03515625 0.0859375
1 0.6533203125 0.53125 0.05859375 0.0546875
2 0.6240234375 0.53125 0.1328125 0.111328125
4 0.5107421875 0.53515625 0.09375 0.056640625
5 0.41796875 0.5478515625 0.302734375 0.18359375
58 0.240234375 0.5224609375 0.197265625 0.47265625
64 0.650390625 0.58203125 0.171875 0.138671875
63 0.6298828125 0.5888671875 0.041015625 0.076171875
57 0.259765625 0.5390625 0.09375 0.11328125
21 0.4296875 0.6376953125 0.353515625 0.244140625
20 0.3779296875 0.650390625 0.091796875 0.119140625
56 0.244140625 0.6650390625 0.107421875 0.154296875