53 0.5986328125 0.501953125 0.068359375 0.033203125
34 0.310546875 0.4853515625 0.224609375 0.169921875
33 0.298828125 0.4833984375 0.060546875 0.1171875
54 0.59375 0.537109375 0.134765625 0.060546875
55 0.5908203125 0.5419921875 0.25390625 0.216796875
11 0.779296875 0.6162109375 0.060546875 0.037109375
28 0.3330078125 0.5927734375 0.283203125 0.12890625
12 0.767578125 0.65625 0.12109375 0.19921875
27 0.326171875 0.599609375 0.052734375 0.06640625
14 0.5615234375 0.638671875 0.171875 0.0390625
30 0.1650390625 0.5830078125 0.103515625 0.2265625
13 0.669921875 0.654296875 0.0546875 0.02734375
29 0.16015625 0.6044921875 0.052734375 0.1328125
15 0.58984375 0.6923828125 0.27734375 0.15234375
13 0.6689453125 0.71484375 0.05859375 0.060546875
14 0.5546875 0.69921875 0.1796875 0.0625
31 0.349609375 0.671875 0.107421875 0.0390625
32 0.3232421875 0.6787109375 0.279296875 0.115234375