45 0.240234375 0.423828125 0.0546875 0.041015625
42 0.173828125 0.4306640625 0.076171875 0.056640625
51 0.3759765625 0.4326171875 0.0546875 0.041015625
43 0.181640625 0.4501953125 0.107421875 0.14453125
51 0.439453125 0.439453125 0.056640625 0.041015625
51 0.505859375 0.4423828125 0.06640625 0.041015625
46 0.2548828125 0.4619140625 0.0859375 0.138671875
51 0.5888671875 0.451171875 0.0703125 0.046875
41 0.1875 0.484375 0.048828125 0.029296875
44 0.25390625 0.482421875 0.0546875 0.048828125
52 0.3828125 0.47265625 0.083984375 0.140625
52 0.443359375 0.478515625 0.078125 0.134765625
50 0.3857421875 0.490234375 0.0546875 0.048828125
52 0.513671875 0.4931640625 0.087890625 0.154296875
50 0.44921875 0.498046875 0.0546875 0.046875
52 0.595703125 0.4990234375 0.10546875 0.158203125
50 0.5107421875 0.5087890625 0.068359375 0.060546875
50 0.591796875 0.51953125 0.072265625 0.060546875
42 0.43359375 0.6376953125 0.0703125 0.052734375
42 0.5126953125 0.6494140625 0.0703125 0.052734375
43 0.4375 0.6650390625 0.0859375 0.119140625
43 0.5146484375 0.6767578125 0.083984375 0.1171875
41 0.4384765625 0.6884765625 0.046875 0.025390625
41 0.513671875 0.7001953125 0.05078125 0.02734375