39 0.5498046875 0.390625 0.02734375 0.029296875
37 0.5302734375 0.43359375 0.041015625 0.0390625
40 0.5546875 0.443359375 0.091796875 0.1484375
35 0.5234375 0.4775390625 0.048828125 0.041015625
38 0.546875 0.4833984375 0.09765625 0.150390625
51 0.4951171875 0.5244140625 0.037109375 0.03515625
36 0.5419921875 0.5234375 0.1015625 0.142578125
50 0.5380859375 0.5234375 0.046875 0.0390625
51 0.5654296875 0.5458984375 0.025390625 0.072265625
51 0.517578125 0.5751953125 0.076171875 0.041015625
52 0.5322265625 0.5791015625 0.130859375 0.189453125
45 0.4853515625 0.60546875 0.029296875 0.03125
44 0.5234375 0.609375 0.041015625 0.03515625
50 0.580078125 0.60546875 0.021484375 0.0625
45 0.5478515625 0.623046875 0.025390625 0.068359375
46 0.521484375 0.6494140625 0.12109375 0.162109375
48 0.47265625 0.669921875 0.033203125 0.03515625
47 0.5126953125 0.673828125 0.046875 0.04296875
44 0.5634765625 0.669921875 0.0234375 0.0546875
48 0.5380859375 0.6904296875 0.02734375 0.07421875
49 0.5087890625 0.7109375 0.130859375 0.173828125
48 0.494140625 0.720703125 0.068359375 0.03515625
41 0.4697265625 0.7392578125 0.037109375 0.037109375
47 0.5537109375 0.734375 0.0234375 0.0625
42 0.44921875 0.7822265625 0.0390625 0.052734375
42 0.5048828125 0.7861328125 0.046875 0.11328125
43 0.482421875 0.80078125 0.134765625 0.197265625
42 0.4599609375 0.830078125 0.052734375 0.025390625
41 0.5244140625 0.8251953125 0.0234375 0.0625