19 0.5380859375 0.4267578125 0.083984375 0.1328125
21 0.3759765625 0.4404296875 0.59375 0.185546875
20 0.28515625 0.4580078125 0.318359375 0.07421875
62 0.5048828125 0.564453125 0.0625 0.1015625
64 0.3740234375 0.5751953125 0.603515625 0.193359375
63 0.3193359375 0.5830078125 0.234375 0.083984375
5 0.2978515625 0.6904296875 0.33984375 0.134765625
4 0.2109375 0.7041015625 0.1328125 0.04296875
8 0.302734375 0.7919921875 0.34375 0.13671875
6 0.3837890625 0.7919921875 0.103515625 0.083984375
7 0.236328125 0.814453125 0.123046875 0.03125
0 0.427734375 0.1953125 0.140625 0.087890625
1 0.2333984375 0.21484375 0.203125 0.0859375
2 0.3212890625 0.212890625 0.4140625 0.140625
4 0.3896484375 0.2919921875 0.21484375 0.064453125
5 0.298828125 0.310546875 0.484375 0.17578125