3 0.4326171875 0.568359375 0.119140625 0.0390625
6 0.2041015625 0.640625 0.046875 0.080078125
7 0.2744140625 0.6494140625 0.076171875 0.0546875
64 0.5498046875 0.6201171875 0.30078125 0.2109375
8 0.3095703125 0.6513671875 0.3046875 0.216796875
4 0.4970703125 0.6376953125 0.087890625 0.072265625
7 0.3955078125 0.6484375 0.0859375 0.037109375
63 0.6611328125 0.6318359375 0.060546875 0.095703125
4 0.7060546875 0.6298828125 0.04296875 0.041015625
1 0.1767578125 0.7109375 0.06640625 0.072265625
20 0.5908203125 0.6708984375 0.083984375 0.1328125
4 0.5078125 0.71875 0.091796875 0.078125
2 0.3076171875 0.7421875 0.337890625 0.263671875
0 0.2734375 0.751953125 0.072265625 0.11328125
1 0.4072265625 0.7587890625 0.109375 0.0625