50 0.544921875 0.3564453125 0.080078125 0.0703125
41 0.74609375 0.3076171875 0.056640625 0.0390625
52 0.5439453125 0.3623046875 0.134765625 0.205078125
47 0.677734375 0.3310546875 0.0625 0.0546875
40 0.34375 0.4140625 0.12109375 0.185546875
38 0.4072265625 0.40234375 0.1171875 0.17578125
44 0.6142578125 0.3505859375 0.0625 0.056640625
36 0.474609375 0.3896484375 0.115234375 0.181640625
49 0.673828125 0.33984375 0.125 0.173828125
46 0.61328125 0.35546875 0.115234375 0.171875
43 0.7421875 0.3251953125 0.142578125 0.162109375
37 0.42578125 0.4599609375 0.05859375 0.04296875
39 0.36328125 0.4775390625 0.05078125 0.03125
35 0.48828125 0.4462890625 0.0625 0.04296875
19 0.4736328125 0.5732421875 0.087890625 0.05078125
62 0.56640625 0.564453125 0.068359375 0.041015625
4 0.3779296875 0.6494140625 0.068359375 0.11328125
0 0.30859375 0.7109375 0.103515625 0.09765625
6 0.7578125 0.61328125 0.076171875 0.07421875
63 0.61328125 0.6552734375 0.103515625 0.15625
20 0.5234375 0.7138671875 0.1015625 0.21875
5 0.3896484375 0.7587890625 0.240234375 0.376953125
21 0.509765625 0.7314453125 0.2421875 0.447265625
64 0.630859375 0.703125 0.259765625 0.453125
8 0.8203125 0.7021484375 0.244140625 0.322265625
7 0.8427734375 0.6962890625 0.078125 0.11328125
5 0.7373046875 0.7265625 0.21484375 0.32421875
2 0.3095703125 0.8212890625 0.240234375 0.357421875
1 0.3017578125 0.857421875 0.142578125 0.19921875
4 0.755859375 0.744140625 0.0859375 0.126953125
4 0.4140625 0.8994140625 0.115234375 0.056640625
7 0.87890625 0.7998046875 0.076171875 0.02734375
63 0.6826171875 0.8671875 0.10546875 0.080078125
20 0.5546875 0.9033203125 0.123046875 0.08984375
4 0.44140625 0.943359375 0.107421875 0.052734375
5 0.4423828125 0.9453125 0.140625 0.095703125