7 0.330078125 0.380859375 0.125 0.05078125
0 0.6044921875 0.4697265625 0.099609375 0.0859375
8 0.2705078125 0.38671875 0.341796875 0.17578125
6 0.181640625 0.3642578125 0.1171875 0.095703125
2 0.6689453125 0.4853515625 0.37890625 0.17578125
1 0.7685546875 0.5146484375 0.1328125 0.07421875
63 0.7734375 0.5888671875 0.240234375 0.125
4 0.33203125 0.486328125 0.146484375 0.06640625
64 0.703125 0.5810546875 0.484375 0.240234375
5 0.255859375 0.4697265625 0.341796875 0.16796875
3 0.1953125 0.4560546875 0.111328125 0.087890625
62 0.580078125 0.556640625 0.076171875 0.107421875
5 0.2783203125 0.54296875 0.416015625 0.208984375
4 0.3779296875 0.5703125 0.158203125 0.076171875
3 0.2041015625 0.533203125 0.11328125 0.087890625
20 0.751953125 0.685546875 0.24609375 0.103515625
21 0.677734375 0.68359375 0.474609375 0.236328125
19 0.556640625 0.6591796875 0.076171875 0.10546875
4 0.3642578125 0.6416015625 0.158203125 0.07421875
5 0.2646484375 0.6201171875 0.41015625 0.193359375
3 0.19140625 0.6064453125 0.11328125 0.087890625