28 0.546875 0.345703125 0.056640625 0.1875
41 0.3447265625 0.3349609375 0.025390625 0.041015625
32 0.498046875 0.345703125 0.080078125 0.197265625
31 0.5166015625 0.3662109375 0.017578125 0.07421875
34 0.5927734375 0.3720703125 0.05859375 0.126953125
39 0.115234375 0.3486328125 0.09765625 0.0546875
33 0.5927734375 0.3779296875 0.044921875 0.03125
35 0.31640625 0.38671875 0.080078125 0.060546875
48 0.22265625 0.4189453125 0.087890625 0.05859375
62 0.4638671875 0.4375 0.056640625 0.044921875
7 0.5751953125 0.447265625 0.041015625 0.017578125
30 0.6240234375 0.4501953125 0.033203125 0.12890625
29 0.625 0.4638671875 0.013671875 0.076171875
8 0.55078125 0.4599609375 0.123046875 0.076171875
6 0.529296875 0.46484375 0.037109375 0.041015625
36 0.296875 0.4560546875 0.158203125 0.232421875
40 0.099609375 0.4453125 0.197265625 0.29296875
13 0.65234375 0.50390625 0.01953125 0.029296875
49 0.22265625 0.4853515625 0.138671875 0.236328125
5 0.55078125 0.5068359375 0.125 0.091796875
58 0.8056640625 0.5234375 0.07421875 0.1953125
3 0.5224609375 0.5146484375 0.048828125 0.0546875
57 0.8095703125 0.5302734375 0.04296875 0.044921875
20 0.3916015625 0.517578125 0.033203125 0.166015625
11 0.859375 0.5439453125 0.03515625 0.021484375
53 0.71875 0.541015625 0.03515625 0.015625
15 0.64453125 0.541015625 0.05078125 0.15234375
64 0.45703125 0.533203125 0.087890625 0.345703125
47 0.232421875 0.525390625 0.080078125 0.07421875
12 0.8642578125 0.560546875 0.0625 0.111328125
55 0.7197265625 0.55859375 0.1328125 0.09375
54 0.7158203125 0.55859375 0.072265625 0.021484375
5 0.5576171875 0.5498046875 0.1484375 0.099609375
21 0.3896484375 0.544921875 0.10546875 0.36328125
14 0.6435546875 0.560546875 0.021484375 0.087890625
3 0.5341796875 0.55859375 0.0390625 0.04296875
56 0.80078125 0.580078125 0.048828125 0.0546875
63 0.46484375 0.572265625 0.044921875 0.169921875
5 0.5537109375 0.5888671875 0.146484375 0.103515625
3 0.5302734375 0.59765625 0.0390625 0.04296875
37 0.3212890625 0.5888671875 0.0703125 0.0625
1 0.591796875 0.6103515625 0.05078125 0.03125
2 0.5517578125 0.6279296875 0.142578125 0.10546875
19 0.3955078125 0.6220703125 0.046875 0.033203125
45 0.2333984375 0.623046875 0.080078125 0.064453125
51 0.1220703125 0.619140625 0.119140625 0.087890625
0 0.5244140625 0.6396484375 0.0390625 0.041015625
38 0.3203125 0.6513671875 0.109375 0.216796875
46 0.234375 0.681640625 0.123046875 0.21875
52 0.1123046875 0.6943359375 0.205078125 0.296875
44 0.236328125 0.712890625 0.078125 0.072265625
50 0.1328125 0.7431640625 0.107421875 0.091796875
41 0.46484375 0.314453125 0.033203125 0.068359375
43 0.408203125 0.3115234375 0.18359375 0.1328125
42 0.39453125 0.310546875 0.05859375 0.103515625
27 0.55078125 0.3447265625 0.03125 0.033203125