14 0.328125 0.3134765625 0.099609375 0.23046875
14 0.4541015625 0.3427734375 0.1015625 0.234375
14 0.576171875 0.3740234375 0.103515625 0.228515625
14 0.6953125 0.3994140625 0.103515625 0.224609375
14 0.8203125 0.4287109375 0.109375 0.234375
15 0.318359375 0.357421875 0.205078125 0.349609375
15 0.4443359375 0.384765625 0.19921875 0.349609375
15 0.5693359375 0.4111328125 0.20703125 0.35546875
15 0.6845703125 0.44140625 0.205078125 0.33984375
15 0.8076171875 0.4697265625 0.216796875 0.349609375
13 0.2998046875 0.45703125 0.0859375 0.080078125
13 0.421875 0.4833984375 0.08203125 0.078125
13 0.66015625 0.5361328125 0.080078125 0.078125
13 0.5439453125 0.51171875 0.08203125 0.078125
13 0.78125 0.5654296875 0.08203125 0.078125