50 0.48828125 0.482421875 0.08984375 0.08203125
41 0.732421875 0.4482421875 0.06640625 0.046875
47 0.6494140625 0.470703125 0.072265625 0.0703125
44 0.5771484375 0.4873046875 0.0703125 0.06640625
52 0.4951171875 0.5146484375 0.13671875 0.2265625
40 0.2470703125 0.578125 0.142578125 0.2265625
36 0.4111328125 0.54296875 0.123046875 0.205078125
38 0.3271484375 0.5625 0.12890625 0.20703125
49 0.6533203125 0.4970703125 0.11328125 0.18359375
46 0.5791015625 0.513671875 0.111328125 0.181640625
43 0.7392578125 0.4873046875 0.12890625 0.17578125
42 0.748046875 0.529296875 0.091796875 0.06640625
51 0.5087890625 0.580078125 0.083984375 0.0625
35 0.4228515625 0.6064453125 0.080078125 0.060546875
48 0.6650390625 0.5546875 0.068359375 0.05078125
37 0.3427734375 0.623046875 0.078125 0.064453125
45 0.5947265625 0.5693359375 0.068359375 0.048828125
39 0.25390625 0.650390625 0.072265625 0.046875