3 0.583984375 0.5234375 0.107421875 0.080078125
63 0.3486328125 0.5732421875 0.19140625 0.20703125
5 0.5478515625 0.6220703125 0.27734375 0.318359375
64 0.326171875 0.6416015625 0.40625 0.42578125
7 0.6337890625 0.6259765625 0.0703125 0.095703125
4 0.5244140625 0.6533203125 0.123046875 0.146484375
5 0.51171875 0.69140625 0.298828125 0.33984375
21 0.3896484375 0.70703125 0.41796875 0.484375
8 0.619140625 0.697265625 0.2578125 0.318359375
62 0.25390625 0.736328125 0.09375 0.099609375
4 0.484375 0.73046875 0.12890625 0.169921875
6 0.5947265625 0.76171875 0.08984375 0.083984375
20 0.2978515625 0.8056640625 0.13671875 0.1484375
1 0.55078125 0.8056640625 0.142578125 0.1796875