17 0.53125 0.4384765625 0.025390625 0.03125
18 0.53515625 0.4541015625 0.048828125 0.09765625
3 0.2275390625 0.025390625 0.02734375 0.037109375
5 0.2548828125 0.033203125 0.115234375 0.06640625
4 0.263671875 0.0400390625 0.046875 0.029296875
3 0.3232421875 0.0546875 0.033203125 0.041015625
5 0.3623046875 0.0625 0.146484375 0.08203125
4 0.37109375 0.0712890625 0.05859375 0.03125
2 0.599609375 0.1259765625 0.20703125 0.103515625
0 0.7294921875 0.1435546875 0.05078125 0.01953125
1 0.6240234375 0.140625 0.09765625 0.04296875
1 0.8486328125 0.171875 0.09765625 0.03125
0 0.69921875 0.1689453125 0.0546875 0.0546875
2 0.783203125 0.181640625 0.251953125 0.134765625
1 0.8134765625 0.2060546875 0.126953125 0.056640625