7 0.306640625 0.42578125 0.123046875 0.021484375
0 0.59375 0.4453125 0.0859375 0.06640625
8 0.25 0.4453125 0.328125 0.099609375
6 0.158203125 0.4453125 0.1015625 0.07421875
2 0.66015625 0.4453125 0.3671875 0.08984375
1 0.763671875 0.44921875 0.125 0.044921875
63 0.787109375 0.51953125 0.23046875 0.072265625
4 0.333984375 0.52734375 0.142578125 0.033203125
64 0.716796875 0.529296875 0.466796875 0.130859375
5 0.255859375 0.529296875 0.330078125 0.08984375
3 0.193359375 0.53125 0.09765625 0.06640625
62 0.591796875 0.53515625 0.0546875 0.09765625
5 0.294921875 0.595703125 0.400390625 0.115234375
4 0.3984375 0.59765625 0.154296875 0.0390625
3 0.220703125 0.603515625 0.099609375 0.06640625
20 0.7890625 0.619140625 0.2421875 0.046875
21 0.716796875 0.634765625 0.45703125 0.12890625
19 0.59375 0.640625 0.0546875 0.095703125
4 0.40234375 0.669921875 0.15234375 0.0390625
5 0.30078125 0.673828125 0.3984375 0.099609375
3 0.2265625 0.677734375 0.099609375 0.06640625