52 0.7626953125 0.3505859375 0.19140625 0.298828125
52 0.8837890625 0.3486328125 0.1953125 0.2890625
49 0.193359375 0.3740234375 0.150390625 0.255859375
52 0.634765625 0.3671875 0.14453125 0.232421875
43 0.08203125 0.384765625 0.1640625 0.25
50 0.86328125 0.4033203125 0.103515625 0.083984375
50 0.6318359375 0.421875 0.087890625 0.072265625
47 0.2060546875 0.4345703125 0.0859375 0.087890625
42 0.0771484375 0.45703125 0.130859375 0.0625
50 0.640625 0.2626953125 0.056640625 0.015625
51 0.90234375 0.2724609375 0.1171875 0.0703125
48 0.1845703125 0.310546875 0.1015625 0.05859375
51 0.6435546875 0.3115234375 0.091796875 0.056640625
41 0.0498046875 0.345703125 0.099609375 0.0546875