4 0.283203125 0.42578125 0.021484375 0.078125
4 0.251953125 0.4365234375 0.025390625 0.08203125
1 0.2236328125 0.4443359375 0.03125 0.080078125
4 0.3115234375 0.44140625 0.015625 0.0625
1 0.1884765625 0.4501953125 0.0390625 0.09375
7 0.3310546875 0.4482421875 0.009765625 0.052734375
42 0.6337890625 0.4326171875 0.021484375 0.01171875
47 0.5751953125 0.443359375 0.033203125 0.01171875
48 0.6064453125 0.443359375 0.0234375 0.009765625
50 0.5087890625 0.4521484375 0.048828125 0.015625
5 0.26953125 0.46875 0.091796875 0.201171875
8 0.333984375 0.4658203125 0.056640625 0.146484375
51 0.552734375 0.4560546875 0.0390625 0.015625
5 0.30859375 0.47265625 0.052734375 0.15234375
5 0.2392578125 0.482421875 0.10546875 0.2109375
42 0.640625 0.462890625 0.021484375 0.048828125
48 0.6171875 0.46875 0.01953125 0.0390625
2 0.2080078125 0.494140625 0.109375 0.220703125
3 0.3203125 0.501953125 0.021484375 0.0390625
45 0.595703125 0.4892578125 0.021484375 0.04296875
51 0.568359375 0.4921875 0.033203125 0.060546875
6 0.34375 0.50390625 0.021484375 0.0390625
3 0.294921875 0.5087890625 0.025390625 0.044921875
43 0.62890625 0.4912109375 0.056640625 0.13671875
35 0.5 0.501953125 0.068359375 0.03125
3 0.2685546875 0.521484375 0.02734375 0.048828125
49 0.5947265625 0.5087890625 0.078125 0.15625
21 0.1728515625 0.533203125 0.09765625 0.109375
19 0.1572265625 0.53515625 0.037109375 0.064453125
0 0.240234375 0.5390625 0.03125 0.05078125
41 0.6396484375 0.5205078125 0.013671875 0.025390625
37 0.462890625 0.53515625 0.0703125 0.03515625
46 0.587890625 0.5302734375 0.0546875 0.16015625
47 0.619140625 0.537109375 0.017578125 0.041015625
52 0.5322265625 0.548828125 0.126953125 0.22265625
39 0.396484375 0.568359375 0.0625 0.037109375
44 0.5966796875 0.5595703125 0.021484375 0.046875
62 0.1767578125 0.5966796875 0.03515625 0.0625
64 0.1806640625 0.6005859375 0.10546875 0.111328125
50 0.5732421875 0.583984375 0.033203125 0.064453125
36 0.5009765625 0.591796875 0.123046875 0.22265625
39 0.44921875 0.6044921875 0.046875 0.064453125
38 0.4638671875 0.6328125 0.1328125 0.248046875
40 0.4091796875 0.6787109375 0.16015625 0.28515625