6 0.388671875 0.2568359375 0.060546875 0.025390625
8 0.3623046875 0.294921875 0.19921875 0.16796875
7 0.30859375 0.3017578125 0.046875 0.041015625
6 0.3662109375 0.3076171875 0.05078125 0.07421875
1 0.2939453125 0.33984375 0.07421875 0.08984375
62 0.21484375 0.3818359375 0.01953125 0.0546875
2 0.33203125 0.3701171875 0.166015625 0.189453125
0 0.3642578125 0.376953125 0.0625 0.091796875
63 0.2568359375 0.400390625 0.0625 0.07421875
4 0.5029296875 0.3671875 0.10546875 0.09375
64 0.2705078125 0.400390625 0.185546875 0.203125
5 0.6025390625 0.384765625 0.337890625 0.28515625
3 0.615234375 0.3955078125 0.11328125 0.134765625
4 0.46875 0.447265625 0.109375 0.109375
4 0.716796875 0.42578125 0.07421875 0.107421875
5 0.5654296875 0.4765625 0.337890625 0.322265625
3 0.5791015625 0.4912109375 0.103515625 0.1328125
4 0.375 0.5771484375 0.099609375 0.125
58 0.7666015625 0.529296875 0.30078125 0.53125
4 0.693359375 0.5439453125 0.05859375 0.099609375
5 0.4736328125 0.6181640625 0.33203125 0.37109375
57 0.779296875 0.5791015625 0.150390625 0.150390625
3 0.47265625 0.6435546875 0.095703125 0.142578125
20 0.6650390625 0.646484375 0.08984375 0.087890625
4 0.591796875 0.7021484375 0.06640625 0.103515625