41 0.3701171875 0.4853515625 0.041015625 0.013671875
42 0.5078125 0.498046875 0.056640625 0.017578125
41 0.455078125 0.5 0.04296875 0.015625
41 0.400390625 0.5068359375 0.044921875 0.017578125
42 0.3408203125 0.5068359375 0.064453125 0.017578125
42 0.4951171875 0.548828125 0.095703125 0.072265625
42 0.3056640625 0.54296875 0.025390625 0.04296875
42 0.37890625 0.564453125 0.109375 0.08203125
43 0.478515625 0.5791015625 0.142578125 0.19921875
43 0.365234375 0.6044921875 0.162109375 0.232421875
41 0.4892578125 0.634765625 0.064453125 0.04296875
41 0.3759765625 0.658203125 0.08203125 0.046875