20 0.3427734375 0.3349609375 0.0859375 0.052734375
63 0.400390625 0.3662109375 0.115234375 0.0703125
62 0.3759765625 0.4716796875 0.041015625 0.05859375
21 0.3701171875 0.474609375 0.17578125 0.357421875
64 0.423828125 0.5029296875 0.19140625 0.365234375
4 0.5634765625 0.5048828125 0.078125 0.0625
20 0.349609375 0.541015625 0.041015625 0.16015625
4 0.5166015625 0.537109375 0.08203125 0.06640625
63 0.392578125 0.56640625 0.041015625 0.12890625
4 0.4326171875 0.5966796875 0.0234375 0.078125
1 0.5791015625 0.587890625 0.072265625 0.07421875
3 0.4873046875 0.6064453125 0.060546875 0.08203125
5 0.4501953125 0.62109375 0.08984375 0.220703125
0 0.5517578125 0.642578125 0.072265625 0.095703125
2 0.5810546875 0.68359375 0.193359375 0.298828125
4 0.4921875 0.7001953125 0.0390625 0.099609375
6 0.6142578125 0.73828125 0.060546875 0.07421875
1 0.54296875 0.75 0.060546875 0.1015625
8 0.6357421875 0.7646484375 0.181640625 0.25
7 0.6142578125 0.8251953125 0.03515625 0.060546875