7 0.662109375 0.359375 0.05859375 0.0234375
6 0.6142578125 0.3876953125 0.076171875 0.025390625
7 0.7099609375 0.3837890625 0.056640625 0.033203125
8 0.6513671875 0.4033203125 0.228515625 0.140625
4 0.49609375 0.421875 0.1015625 0.0390625
62 0.8056640625 0.3994140625 0.048828125 0.01953125
6 0.65234375 0.4208984375 0.05078125 0.0625
1 0.7578125 0.42578125 0.060546875 0.044921875
4 0.53515625 0.46484375 0.111328125 0.064453125
2 0.708984375 0.4482421875 0.189453125 0.15234375
62 0.828125 0.4443359375 0.021484375 0.048828125
0 0.6796875 0.4677734375 0.05078125 0.0625
5 0.4404296875 0.4921875 0.33203125 0.1953125
64 0.775390625 0.470703125 0.2109375 0.1953125
3 0.4267578125 0.513671875 0.08984375 0.0859375
4 0.314453125 0.529296875 0.052734375 0.064453125
63 0.775390625 0.48046875 0.0859375 0.078125
58 0.2470703125 0.59765625 0.236328125 0.50390625
57 0.2490234375 0.63671875 0.12890625 0.12890625
21 0.5146484375 0.6357421875 0.40234375 0.298828125
20 0.4228515625 0.6767578125 0.11328125 0.119140625
56 0.28125 0.7509765625 0.138671875 0.15625