53 0.5947265625 0.4873046875 0.048828125 0.03125
54 0.6015625 0.515625 0.099609375 0.064453125
55 0.5908203125 0.521484375 0.20703125 0.216796875
11 0.7275390625 0.4990234375 0.03125 0.02734375
12 0.724609375 0.525390625 0.1171875 0.189453125
34 0.3955078125 0.615234375 0.251953125 0.244140625
33 0.4130859375 0.6142578125 0.0625 0.11328125
13 0.6767578125 0.5703125 0.041015625 0.025390625
14 0.6171875 0.6123046875 0.12890625 0.0703125
13 0.7001953125 0.61328125 0.033203125 0.04296875
15 0.6396484375 0.6376953125 0.21484375 0.189453125
14 0.6376953125 0.6640625 0.119140625 0.078125
28 0.4541015625 0.6982421875 0.28125 0.220703125
27 0.46875 0.7060546875 0.046875 0.064453125
31 0.505859375 0.7470703125 0.091796875 0.0703125
30 0.3125 0.78515625 0.1484375 0.263671875
32 0.466796875 0.7734375 0.27734375 0.2109375
29 0.330078125 0.8173828125 0.060546875 0.134765625