50 0.5400390625 0.349609375 0.033203125 0.013671875
50 0.4853515625 0.34375 0.03125 0.015625
41 0.3544921875 0.322265625 0.021484375 0.01171875
51 0.67578125 0.3798828125 0.064453125 0.044921875
51 0.599609375 0.369140625 0.064453125 0.044921875
42 0.3125 0.326171875 0.02734375 0.0078125
41 0.3369140625 0.33203125 0.025390625 0.013671875
51 0.5390625 0.3779296875 0.05078125 0.033203125
51 0.4833984375 0.369140625 0.05078125 0.033203125
42 0.314453125 0.3603515625 0.06640625 0.04296875
52 0.66796875 0.423828125 0.099609375 0.16015625
52 0.5390625 0.4052734375 0.087890625 0.140625
52 0.486328125 0.3974609375 0.09375 0.140625
52 0.5947265625 0.4140625 0.09765625 0.15625
43 0.3173828125 0.3798828125 0.10546875 0.126953125
50 0.662109375 0.4501953125 0.064453125 0.052734375
50 0.5927734375 0.439453125 0.060546875 0.05078125
50 0.5361328125 0.4326171875 0.046875 0.0390625
50 0.484375 0.4248046875 0.044921875 0.0390625
41 0.318359375 0.412109375 0.0390625 0.02734375
41 0.521484375 0.537109375 0.025390625 0.017578125
41 0.5888671875 0.5498046875 0.025390625 0.015625
42 0.501953125 0.5634765625 0.05859375 0.0390625
42 0.5673828125 0.576171875 0.060546875 0.0390625
43 0.5029296875 0.580078125 0.091796875 0.111328125
43 0.564453125 0.591796875 0.083984375 0.11328125
41 0.4990234375 0.6064453125 0.0390625 0.0234375
41 0.5595703125 0.6201171875 0.041015625 0.025390625