6 0.48828125 0.2333984375 0.060546875 0.03125
8 0.44921875 0.2578125 0.2109375 0.18359375
7 0.396484375 0.2451171875 0.05078125 0.044921875
6 0.4482421875 0.271484375 0.056640625 0.076171875
1 0.369140625 0.2744140625 0.080078125 0.09375
62 0.2802734375 0.2841796875 0.0234375 0.0546875
2 0.392578125 0.31640625 0.1796875 0.201171875
0 0.419921875 0.3349609375 0.0703125 0.095703125
63 0.3125 0.31640625 0.068359375 0.078125
4 0.552734375 0.3779296875 0.11328125 0.103515625
64 0.3251953125 0.3212890625 0.201171875 0.21484375
5 0.6376953125 0.431640625 0.357421875 0.310546875
3 0.646484375 0.4462890625 0.125 0.142578125
4 0.4912109375 0.439453125 0.119140625 0.119140625
4 0.728515625 0.5126953125 0.08203125 0.111328125
5 0.5693359375 0.5029296875 0.361328125 0.34765625
3 0.5771484375 0.521484375 0.115234375 0.138671875
4 0.35546875 0.5244140625 0.109375 0.1328125
58 0.736328125 0.626953125 0.34765625 0.544921875
4 0.6630859375 0.61328125 0.068359375 0.1015625
5 0.4306640625 0.599609375 0.361328125 0.39453125
57 0.7294921875 0.677734375 0.16015625 0.16015625
3 0.4208984375 0.623046875 0.107421875 0.1484375
20 0.59765625 0.697265625 0.095703125 0.095703125
4 0.5087890625 0.7216796875 0.07421875 0.107421875