4 0.326171875 0.5283203125 0.10546875 0.03515625
63 0.537109375 0.5302734375 0.1484375 0.041015625
3 0.4326171875 0.5400390625 0.123046875 0.037109375
4 0.2763671875 0.57421875 0.068359375 0.0546875
5 0.392578125 0.59375 0.322265625 0.19921875
3 0.3662109375 0.59765625 0.064453125 0.09375
7 0.783203125 0.578125 0.037109375 0.01953125
1 0.23828125 0.6240234375 0.107421875 0.060546875
4 0.494140625 0.6162109375 0.095703125 0.07421875
63 0.6845703125 0.6162109375 0.060546875 0.1015625
4 0.7392578125 0.6123046875 0.046875 0.044921875
1 0.1748046875 0.666015625 0.056640625 0.087890625
0 0.3427734375 0.6640625 0.138671875 0.06640625
20 0.6005859375 0.6552734375 0.091796875 0.142578125
2 0.3037109375 0.7138671875 0.328125 0.271484375
4 0.50390625 0.701171875 0.099609375 0.080078125
0 0.2578125 0.7265625 0.060546875 0.111328125
1 0.3876953125 0.7412109375 0.125 0.064453125