5 0.40625 0.5087890625 0.197265625 0.162109375
4 0.4423828125 0.5009765625 0.06640625 0.1171875
7 0.3505859375 0.529296875 0.091796875 0.03515625
8 0.3330078125 0.5400390625 0.181640625 0.1484375
64 0.609375 0.5205078125 0.248046875 0.189453125
5 0.7451171875 0.5 0.095703125 0.12109375
4 0.7548828125 0.5 0.04296875 0.08203125
21 0.5576171875 0.5419921875 0.177734375 0.193359375
63 0.671875 0.5224609375 0.09765625 0.1015625
20 0.5703125 0.5537109375 0.119140625 0.130859375
2 0.3291015625 0.625 0.19140625 0.19140625
4 0.4619140625 0.5986328125 0.111328125 0.072265625
5 0.458984375 0.607421875 0.13671875 0.12890625
1 0.3466796875 0.6416015625 0.125 0.072265625