4 0.2900390625 0.4814453125 0.017578125 0.072265625
4 0.2568359375 0.4833984375 0.017578125 0.07421875
1 0.2255859375 0.4814453125 0.025390625 0.076171875
1 0.1943359375 0.482421875 0.021484375 0.08203125
4 0.31640625 0.501953125 0.015625 0.060546875
7 0.3349609375 0.5126953125 0.0078125 0.052734375
5 0.2744140625 0.521484375 0.06640625 0.189453125
8 0.33984375 0.5302734375 0.04296875 0.138671875
5 0.25 0.5263671875 0.0546875 0.197265625
5 0.3125 0.53125 0.0390625 0.1484375
2 0.205078125 0.529296875 0.07421875 0.205078125
3 0.3115234375 0.55859375 0.0234375 0.0390625
19 0.1455078125 0.5517578125 0.03515625 0.05859375
3 0.2841796875 0.55859375 0.02734375 0.044921875
3 0.251953125 0.5654296875 0.029296875 0.046875
6 0.3359375 0.5693359375 0.025390625 0.0390625
0 0.21875 0.5732421875 0.03125 0.048828125
41 0.693359375 0.6142578125 0.0234375 0.03125
47 0.6572265625 0.6298828125 0.02734375 0.046875
62 0.1484375 0.6103515625 0.03515625 0.05859375
43 0.6806640625 0.642578125 0.0703125 0.15625
50 0.576171875 0.64453125 0.05078125 0.06640625
49 0.63671875 0.650390625 0.0859375 0.177734375
44 0.62109375 0.6494140625 0.033203125 0.0546875
46 0.6142578125 0.671875 0.0625 0.19140625
42 0.6826171875 0.6796875 0.03515625 0.056640625
52 0.5361328125 0.673828125 0.150390625 0.26171875
48 0.6474609375 0.705078125 0.029296875 0.046875
36 0.4873046875 0.712890625 0.140625 0.255859375
45 0.611328125 0.7265625 0.033203125 0.052734375
51 0.5654296875 0.748046875 0.05078125 0.0703125
38 0.4228515625 0.740234375 0.146484375 0.291015625
40 0.3369140625 0.77734375 0.173828125 0.337890625
35 0.5087890625 0.7861328125 0.0546875 0.068359375
37 0.4462890625 0.822265625 0.060546875 0.083984375
39 0.376953125 0.87890625 0.09765625 0.08203125