53 0.576171875 0.521484375 0.05859375 0.0390625
14 0.3134765625 0.580078125 0.123046875 0.09375
54 0.578125 0.548828125 0.123046875 0.0859375
55 0.58984375 0.5546875 0.255859375 0.25390625
27 0.3720703125 0.611328125 0.05859375 0.037109375
15 0.3037109375 0.6279296875 0.240234375 0.220703125
13 0.2646484375 0.6435546875 0.052734375 0.033203125
28 0.365234375 0.64453125 0.220703125 0.212890625
31 0.423828125 0.6396484375 0.07421875 0.072265625
32 0.4208984375 0.65234375 0.2109375 0.220703125
13 0.255859375 0.6875 0.01953125 0.01953125
14 0.248046875 0.693359375 0.044921875 0.03515625
33 0.4892578125 0.65625 0.10546875 0.0703125
34 0.4931640625 0.685546875 0.232421875 0.234375
29 0.5888671875 0.6669921875 0.087890625 0.09765625
11 0.6728515625 0.6650390625 0.0546875 0.03125
30 0.58203125 0.6982421875 0.17578125 0.21484375
12 0.66796875 0.734375 0.22265625 0.240234375