53 0.595703125 0.4990234375 0.046875 0.025390625
54 0.599609375 0.5283203125 0.09375 0.052734375
55 0.587890625 0.5322265625 0.1875 0.19921875
11 0.7265625 0.52734375 0.029296875 0.025390625
12 0.7197265625 0.552734375 0.09765625 0.181640625
34 0.3818359375 0.6015625 0.228515625 0.220703125
33 0.3994140625 0.603515625 0.05078125 0.109375
13 0.6669921875 0.5908203125 0.0390625 0.021484375
14 0.6025390625 0.6259765625 0.125 0.0546875
13 0.685546875 0.63671875 0.029296875 0.041015625
15 0.62109375 0.654296875 0.197265625 0.16796875
14 0.6171875 0.6796875 0.11328125 0.06640625
28 0.4296875 0.69140625 0.263671875 0.193359375
27 0.4443359375 0.7001953125 0.041015625 0.060546875
31 0.4755859375 0.74609375 0.0859375 0.060546875
30 0.279296875 0.759765625 0.12109375 0.25390625
32 0.43359375 0.767578125 0.259765625 0.18359375
29 0.2919921875 0.794921875 0.044921875 0.1328125