1 0.47265625 0.41015625 0.125 0.095703125
2 0.521484375 0.4404296875 0.248046875 0.1953125
3 0.4091796875 0.4765625 0.048828125 0.041015625
0 0.5859375 0.4580078125 0.072265625 0.07421875
5 0.4853515625 0.4736328125 0.296875 0.2421875
4 0.544921875 0.4833984375 0.12109375 0.087890625
20 0.4375 0.5400390625 0.20703125 0.1640625
4 0.529296875 0.5322265625 0.10546875 0.076171875
21 0.48828125 0.57421875 0.388671875 0.31640625
63 0.4111328125 0.625 0.1640625 0.130859375
19 0.591796875 0.6064453125 0.072265625 0.076171875
4 0.279296875 0.6572265625 0.09375 0.07421875
64 0.4453125 0.6494140625 0.412109375 0.34765625
5 0.3369140625 0.6845703125 0.259765625 0.2265625
62 0.5322265625 0.671875 0.060546875 0.06640625
7 0.244140625 0.7373046875 0.08984375 0.0703125
8 0.29296875 0.751953125 0.2734375 0.23828125
6 0.3662109375 0.7734375 0.068359375 0.078125
35 0.8681640625 0.8427734375 0.0546875 0.080078125