1 0.5947265625 0.416015625 0.09375 0.029296875
1 0.6259765625 0.4443359375 0.05859375 0.048828125
2 0.552734375 0.45703125 0.228515625 0.130859375
0 0.55859375 0.4658203125 0.052734375 0.060546875
1 0.4794921875 0.4814453125 0.0625 0.046875
7 0.3837890625 0.5048828125 0.09765625 0.046875
63 0.638671875 0.490234375 0.103515625 0.083984375
8 0.3076171875 0.546875 0.328125 0.20703125
64 0.5791015625 0.5166015625 0.271484375 0.181640625
6 0.2705078125 0.5654296875 0.107421875 0.09765625
62 0.55859375 0.53515625 0.041015625 0.083984375
63 0.4853515625 0.5498046875 0.0546875 0.076171875
20 0.6455078125 0.556640625 0.107421875 0.080078125
4 0.416015625 0.5888671875 0.115234375 0.0703125
5 0.3212890625 0.6298828125 0.326171875 0.19140625
21 0.609375 0.5908203125 0.2265625 0.185546875
3 0.3115234375 0.64453125 0.095703125 0.0859375
4 0.1953125 0.6650390625 0.056640625 0.06640625
19 0.5654296875 0.615234375 0.0390625 0.08203125
4 0.458984375 0.6318359375 0.109375 0.072265625
5 0.3486328125 0.6845703125 0.376953125 0.2421875
3 0.33984375 0.7060546875 0.091796875 0.087890625
4 0.4697265625 0.693359375 0.11328125 0.078125
4 0.2119140625 0.7373046875 0.056640625 0.08203125
5 0.3603515625 0.751953125 0.37109375 0.248046875
3 0.3486328125 0.7734375 0.08984375 0.08984375
4 0.2255859375 0.806640625 0.0546875 0.08203125