4 0.32421875 0.5185546875 0.103515625 0.029296875
63 0.5361328125 0.5322265625 0.146484375 0.033203125
3 0.4306640625 0.5361328125 0.12109375 0.03125
4 0.2724609375 0.5625 0.064453125 0.052734375
5 0.388671875 0.587890625 0.314453125 0.18359375
3 0.361328125 0.58984375 0.060546875 0.091796875
7 0.779296875 0.5927734375 0.03515625 0.017578125
1 0.232421875 0.6103515625 0.103515625 0.0546875
4 0.48828125 0.615234375 0.09375 0.0703125
63 0.677734375 0.6259765625 0.056640625 0.09765625
4 0.732421875 0.625 0.044921875 0.041015625
1 0.1669921875 0.6484375 0.052734375 0.083984375
0 0.3349609375 0.6552734375 0.134765625 0.05859375
20 0.5927734375 0.66015625 0.083984375 0.138671875
2 0.29296875 0.703125 0.314453125 0.255859375
4 0.494140625 0.701171875 0.095703125 0.076171875
0 0.24609375 0.7138671875 0.0546875 0.107421875
1 0.375 0.734375 0.12109375 0.05859375