39 0.060546875 0.3701171875 0.06640625 0.033203125
27 0.486328125 0.3544921875 0.037109375 0.02734375
32 0.43359375 0.3583984375 0.064453125 0.173828125
28 0.482421875 0.3583984375 0.060546875 0.169921875
31 0.4423828125 0.3759765625 0.017578125 0.06640625
34 0.544921875 0.3779296875 0.08203125 0.119140625
35 0.228515625 0.396484375 0.07421875 0.044921875
33 0.546875 0.3857421875 0.0625 0.02734375
48 0.1474609375 0.4189453125 0.068359375 0.0390625
40 0.06640625 0.4384765625 0.115234375 0.197265625
62 0.3828125 0.435546875 0.0625 0.0390625
36 0.2333984375 0.451171875 0.1015625 0.177734375
49 0.154296875 0.470703125 0.1015625 0.169921875
7 0.529296875 0.453125 0.056640625 0.013671875
8 0.5 0.462890625 0.162109375 0.05078125
6 0.466796875 0.46484375 0.046875 0.03515625
30 0.59765625 0.4599609375 0.048828125 0.125
29 0.6005859375 0.4716796875 0.01953125 0.07421875
47 0.158203125 0.5 0.064453125 0.056640625
14 0.6376953125 0.4833984375 0.033203125 0.00390625
13 0.6318359375 0.4873046875 0.013671875 0.00390625
20 0.31640625 0.5078125 0.0390625 0.140625
4 0.537109375 0.50390625 0.078125 0.0234375
5 0.501953125 0.5078125 0.166015625 0.06640625
3 0.4638671875 0.51171875 0.060546875 0.048828125
64 0.3857421875 0.525390625 0.087890625 0.30078125
21 0.3173828125 0.53125 0.091796875 0.306640625
13 0.6474609375 0.515625 0.029296875 0.029296875
51 0.0751953125 0.5654296875 0.0859375 0.046875
37 0.2451171875 0.564453125 0.064453125 0.044921875
4 0.5732421875 0.546875 0.07421875 0.0234375
5 0.5224609375 0.5517578125 0.19921875 0.06640625
3 0.4833984375 0.5556640625 0.048828125 0.037109375
63 0.3974609375 0.564453125 0.048828125 0.15234375
58 0.8408203125 0.54296875 0.0859375 0.21875
15 0.6416015625 0.5546875 0.07421875 0.154296875
45 0.166015625 0.580078125 0.06640625 0.037109375
57 0.8369140625 0.548828125 0.048828125 0.052734375
53 0.736328125 0.5595703125 0.0390625 0.015625
11 0.90625 0.55859375 0.0390625 0.021484375
14 0.646484375 0.576171875 0.029296875 0.09375
4 0.5751953125 0.583984375 0.07421875 0.0234375
54 0.736328125 0.5771484375 0.080078125 0.033203125
55 0.7412109375 0.5791015625 0.1484375 0.123046875
5 0.5224609375 0.5908203125 0.19921875 0.06640625
19 0.3251953125 0.6025390625 0.048828125 0.02734375
3 0.4853515625 0.5966796875 0.048828125 0.037109375
12 0.9072265625 0.576171875 0.095703125 0.146484375
38 0.25 0.615234375 0.091796875 0.166015625
52 0.08203125 0.6279296875 0.123046875 0.19921875
46 0.171875 0.626953125 0.095703125 0.166015625
56 0.833984375 0.607421875 0.05859375 0.064453125
1 0.5771484375 0.625 0.0703125 0.029296875
2 0.5224609375 0.6298828125 0.1953125 0.068359375
0 0.4814453125 0.6357421875 0.048828125 0.037109375
50 0.087890625 0.65625 0.083984375 0.0625
44 0.173828125 0.65625 0.064453125 0.05078125
43 0.3349609375 0.3291015625 0.15625 0.107421875
42 0.2978515625 0.3330078125 0.05078125 0.083984375
41 0.3759765625 0.33203125 0.033203125 0.05859375