4 0.2861328125 0.3544921875 0.046875 0.10546875
4 0.265625 0.3779296875 0.029296875 0.06640625
1 0.359375 0.3681640625 0.041015625 0.087890625
5 0.3037109375 0.380859375 0.111328125 0.20703125
4 0.259765625 0.3994140625 0.021484375 0.0546875
4 0.2490234375 0.4033203125 0.01953125 0.046875
5 0.28125 0.404296875 0.080078125 0.154296875
1 0.3427734375 0.3916015625 0.02734375 0.064453125
1 0.326171875 0.3974609375 0.0234375 0.052734375
2 0.3759765625 0.396484375 0.091796875 0.17578125
5 0.2734375 0.419921875 0.056640625 0.115234375
5 0.259765625 0.4248046875 0.052734375 0.10546875
2 0.353515625 0.4130859375 0.0625 0.1328125
2 0.3330078125 0.419921875 0.052734375 0.119140625
3 0.2626953125 0.4462890625 0.015625 0.02734375
20 0.580078125 0.376953125 0.041015625 0.111328125
3 0.27734375 0.44921875 0.021484375 0.0390625
3 0.31640625 0.4423828125 0.029296875 0.05078125
60 0.6328125 0.37109375 0.056640625 0.123046875
60 0.6953125 0.3642578125 0.064453125 0.1328125
21 0.6025390625 0.3876953125 0.123046875 0.201171875
0 0.33984375 0.4501953125 0.017578125 0.03125
0 0.3828125 0.443359375 0.033203125 0.052734375
61 0.66015625 0.38671875 0.146484375 0.220703125
63 0.7666015625 0.3623046875 0.07421875 0.142578125
61 0.720703125 0.37890625 0.158203125 0.23046875
64 0.791015625 0.37890625 0.17578125 0.2578125
19 0.603515625 0.4619140625 0.044921875 0.033203125
17 0.34375 0.568359375 0.021484375 0.02734375
18 0.3466796875 0.5732421875 0.048828125 0.111328125
16 0.3525390625 0.6005859375 0.025390625 0.04296875
16 0.3662109375 0.60546875 0.01953125 0.041015625
17 0.4736328125 0.8046875 0.0234375 0.03125
18 0.48046875 0.8056640625 0.05859375 0.125
17 0.4970703125 0.8173828125 0.017578125 0.029296875
18 0.5087890625 0.82421875 0.056640625 0.1171875
59 0.5556640625 0.8203125 0.033203125 0.033203125
60 0.6015625 0.8095703125 0.060546875 0.048828125
16 0.484375 0.8388671875 0.029296875 0.048828125
17 0.5302734375 0.830078125 0.02734375 0.037109375
18 0.5380859375 0.837890625 0.0546875 0.123046875
16 0.5087890625 0.8486328125 0.0234375 0.04296875
60 0.6494140625 0.818359375 0.05859375 0.052734375
59 0.591796875 0.8359375 0.037109375 0.04296875
61 0.5791015625 0.8447265625 0.095703125 0.16015625
16 0.5400390625 0.865234375 0.033203125 0.0546875
61 0.6142578125 0.8564453125 0.099609375 0.162109375
60 0.6943359375 0.837890625 0.06640625 0.0546875
60 0.5673828125 0.87109375 0.03125 0.076171875
60 0.642578125 0.8759765625 0.02734375 0.0625
59 0.685546875 0.8681640625 0.044921875 0.048828125
60 0.6064453125 0.890625 0.03515625 0.078125
61 0.6640625 0.87890625 0.111328125 0.189453125
61 0.705078125 0.8857421875 0.109375 0.16796875
60 0.69921875 0.9267578125 0.0390625 0.080078125