34 0.271484375 0.498046875 0.21875 0.1796875
33 0.2421875 0.5048828125 0.052734375 0.107421875
53 0.5380859375 0.5263671875 0.0703125 0.037109375
54 0.537109375 0.5634765625 0.138671875 0.076171875
55 0.55078125 0.5703125 0.26953125 0.267578125
30 0.1689453125 0.572265625 0.083984375 0.19140625
29 0.16796875 0.595703125 0.041015625 0.099609375
27 0.28125 0.607421875 0.04296875 0.05859375
28 0.3046875 0.6123046875 0.248046875 0.126953125
14 0.501953125 0.669921875 0.177734375 0.078125
11 0.7763671875 0.6875 0.080078125 0.048828125
31 0.3125 0.6728515625 0.083984375 0.04296875
32 0.298828125 0.6767578125 0.216796875 0.12890625
13 0.6201171875 0.703125 0.056640625 0.0390625
12 0.783203125 0.728515625 0.14453125 0.2578125
15 0.5390625 0.73046875 0.296875 0.212890625
14 0.4921875 0.736328125 0.169921875 0.087890625
13 0.603515625 0.771484375 0.05859375 0.052734375