1 0.7783203125 0.46484375 0.037109375 0.078125
20 0.6455078125 0.46484375 0.08203125 0.056640625
4 0.806640625 0.482421875 0.033203125 0.0859375
21 0.677734375 0.4736328125 0.173828125 0.12890625
4 0.8427734375 0.494140625 0.037109375 0.0859375
19 0.7099609375 0.4912109375 0.02734375 0.05078125
2 0.783203125 0.5078125 0.1171875 0.205078125
5 0.8134765625 0.5234375 0.12109375 0.21484375
20 0.6396484375 0.515625 0.078125 0.05859375
21 0.6650390625 0.521484375 0.16015625 0.130859375
5 0.83203125 0.537109375 0.09765625 0.220703125
41 0.4267578125 0.5107421875 0.021484375 0.033203125
19 0.703125 0.5400390625 0.025390625 0.048828125
0 0.7529296875 0.5546875 0.03125 0.041015625
43 0.4404296875 0.5390625 0.068359375 0.150390625
5 0.849609375 0.5693359375 0.056640625 0.173828125
47 0.4521484375 0.5419921875 0.0234375 0.05859375
3 0.78515625 0.5693359375 0.03515625 0.044921875
49 0.4814453125 0.5634765625 0.1015625 0.169921875
3 0.8193359375 0.5869140625 0.037109375 0.044921875
42 0.4228515625 0.5712890625 0.029296875 0.0625
44 0.470703125 0.580078125 0.0234375 0.064453125
3 0.8525390625 0.6142578125 0.03515625 0.0390625
46 0.4892578125 0.5908203125 0.08203125 0.177734375
50 0.4970703125 0.6015625 0.041015625 0.087890625
48 0.447265625 0.6083984375 0.0234375 0.048828125
52 0.5380859375 0.6220703125 0.142578125 0.24609375
45 0.466796875 0.64453125 0.025390625 0.052734375
36 0.5810546875 0.677734375 0.150390625 0.240234375
51 0.4892578125 0.685546875 0.0390625 0.078125
38 0.6259765625 0.7421875 0.185546875 0.28515625
40 0.6796875 0.80859375 0.208984375 0.314453125
39 0.6103515625 0.8857421875 0.05078125 0.08203125