45 0.271484375 0.35546875 0.05859375 0.046875
42 0.2060546875 0.34375 0.08203125 0.064453125
51 0.3994140625 0.400390625 0.05859375 0.046875
43 0.20703125 0.3642578125 0.125 0.15625
51 0.4580078125 0.4248046875 0.060546875 0.046875
51 0.521484375 0.4462890625 0.0703125 0.048828125
46 0.2744140625 0.396484375 0.1015625 0.146484375
51 0.5986328125 0.4775390625 0.076171875 0.056640625
41 0.2041015625 0.3994140625 0.05078125 0.03515625
44 0.2685546875 0.4150390625 0.05859375 0.0546875
52 0.39453125 0.44140625 0.1015625 0.1484375
52 0.4521484375 0.4638671875 0.09375 0.142578125
50 0.392578125 0.458984375 0.05859375 0.0546875
52 0.5146484375 0.4970703125 0.107421875 0.162109375
50 0.451171875 0.4833984375 0.060546875 0.052734375
52 0.5927734375 0.525390625 0.125 0.16796875
50 0.5078125 0.51171875 0.07421875 0.068359375
50 0.5830078125 0.5439453125 0.078125 0.0703125
42 0.3974609375 0.6142578125 0.07421875 0.0625
42 0.470703125 0.6474609375 0.07421875 0.0625
43 0.39453125 0.6416015625 0.099609375 0.126953125
43 0.46484375 0.673828125 0.09765625 0.125
41 0.3896484375 0.6640625 0.048828125 0.03125
41 0.4580078125 0.6962890625 0.052734375 0.033203125