14 0.2958984375 0.349609375 0.05859375 0.224609375
14 0.4248046875 0.3544921875 0.05859375 0.228515625
14 0.55078125 0.3623046875 0.0625 0.22265625
14 0.671875 0.3642578125 0.064453125 0.21875
14 0.80078125 0.3681640625 0.068359375 0.228515625
15 0.294921875 0.39453125 0.146484375 0.330078125
15 0.423828125 0.3974609375 0.140625 0.330078125
15 0.55078125 0.3994140625 0.146484375 0.3359375
15 0.669921875 0.4072265625 0.1484375 0.318359375
15 0.796875 0.4111328125 0.158203125 0.326171875
13 0.294921875 0.49609375 0.076171875 0.068359375
13 0.419921875 0.4990234375 0.072265625 0.06640625
13 0.6640625 0.5048828125 0.0703125 0.06640625
13 0.544921875 0.5029296875 0.072265625 0.06640625
13 0.7890625 0.5107421875 0.072265625 0.06640625