53 0.5986328125 0.505859375 0.0703125 0.03515625
34 0.3115234375 0.478515625 0.228515625 0.17578125
33 0.2998046875 0.4765625 0.064453125 0.1171875
54 0.591796875 0.5400390625 0.13671875 0.064453125
55 0.5888671875 0.5458984375 0.259765625 0.224609375
11 0.775390625 0.6259765625 0.060546875 0.0390625
28 0.330078125 0.5869140625 0.28515625 0.138671875
12 0.7626953125 0.6650390625 0.126953125 0.201171875
27 0.3232421875 0.59375 0.0546875 0.068359375
14 0.556640625 0.640625 0.171875 0.044921875
30 0.162109375 0.5712890625 0.111328125 0.228515625
13 0.6640625 0.66015625 0.0546875 0.029296875
29 0.15625 0.591796875 0.056640625 0.1328125
15 0.5830078125 0.6953125 0.279296875 0.162109375
13 0.6611328125 0.720703125 0.05859375 0.0625
14 0.5478515625 0.701171875 0.1796875 0.068359375
31 0.34375 0.6669921875 0.107421875 0.04296875
32 0.3173828125 0.671875 0.28125 0.125