4 0.7216796875 0.5390625 0.068359375 0.021484375
4 0.5283203125 0.5 0.146484375 0.0625
5 0.47265625 0.48828125 0.287109375 0.134765625
3 0.6591796875 0.5302734375 0.05078125 0.02734375
3 0.4013671875 0.4765625 0.087890625 0.0703125
5 0.681640625 0.5546875 0.18359375 0.10546875
4 0.71875 0.568359375 0.080078125 0.03515625
3 0.6435546875 0.55859375 0.05859375 0.05078125
5 0.4580078125 0.546875 0.283203125 0.1328125
4 0.69921875 0.6064453125 0.078125 0.033203125
5 0.6630859375 0.5986328125 0.171875 0.080078125
3 0.3876953125 0.5400390625 0.08203125 0.0625
4 0.50390625 0.56640625 0.130859375 0.060546875
3 0.6240234375 0.59375 0.0625 0.048828125