51 0.4580078125 0.3876953125 0.130859375 0.09765625
39 0.099609375 0.478515625 0.099609375 0.06640625
39 0.10546875 0.4951171875 0.103515625 0.09765625
48 0.69921875 0.3740234375 0.1015625 0.076171875
45 0.5869140625 0.3994140625 0.103515625 0.078125
42 0.8330078125 0.373046875 0.142578125 0.109375
52 0.4814453125 0.482421875 0.205078125 0.333984375
40 0.126953125 0.578125 0.201171875 0.31640625
38 0.2421875 0.5556640625 0.197265625 0.3046875
36 0.3623046875 0.52734375 0.189453125 0.302734375
49 0.71875 0.4560546875 0.169921875 0.271484375
46 0.607421875 0.4814453125 0.16796875 0.271484375
43 0.84765625 0.435546875 0.201171875 0.259765625
50 0.4931640625 0.529296875 0.134765625 0.126953125
44 0.615234375 0.51953125 0.10546875 0.099609375
47 0.7255859375 0.494140625 0.107421875 0.103515625
41 0.8564453125 0.4921875 0.103515625 0.072265625