11 0.5751953125 0.416015625 0.05078125 0.0546875
12 0.591796875 0.4326171875 0.197265625 0.259765625
14 0.345703125 0.3994140625 0.17578125 0.12109375
15 0.30859375 0.4423828125 0.326171875 0.28125
13 0.234375 0.43359375 0.064453125 0.05078125
27 0.3486328125 0.494140625 0.072265625 0.064453125
28 0.3466796875 0.5 0.310546875 0.248046875
53 0.6826171875 0.59765625 0.07421875 0.072265625
31 0.3994140625 0.533203125 0.111328125 0.09375
54 0.662109375 0.623046875 0.169921875 0.16796875
55 0.6865234375 0.638671875 0.396484375 0.423828125
32 0.3671875 0.5712890625 0.330078125 0.294921875
33 0.455078125 0.6220703125 0.126953125 0.119140625
34 0.4541015625 0.6435546875 0.326171875 0.306640625
29 0.5244140625 0.7392578125 0.166015625 0.140625
30 0.49609375 0.7568359375 0.30078125 0.2890625
8 0.26171875 0.0361328125 0.078125 0.072265625
7 0.2421875 0.0234375 0.0234375 0.01953125
2 0.265625 0.0751953125 0.111328125 0.12890625
1 0.2529296875 0.09375 0.0859375 0.0703125
64 0.275390625 0.1416015625 0.169921875 0.173828125
62 0.2607421875 0.14453125 0.041015625 0.0546875