16 0.4853515625 0.21875 0.017578125 0.0390625
16 0.4970703125 0.2216796875 0.01171875 0.03125
3 0.490234375 0.02734375 0.0234375 0.0546875
0 0.5546875 0.025390625 0.02734375 0.05078125
3 0.439453125 0.037109375 0.01171875 0.029296875
3 0.4541015625 0.037109375 0.017578125 0.046875
0 0.51171875 0.0341796875 0.017578125 0.037109375
60 0.6259765625 0.416015625 0.037109375 0.021484375
17 0.54296875 0.42578125 0.017578125 0.0234375
18 0.548828125 0.4287109375 0.04296875 0.107421875
59 0.6083984375 0.43359375 0.025390625 0.03125
18 0.5654296875 0.4453125 0.037109375 0.11328125
17 0.583984375 0.447265625 0.01953125 0.025390625
60 0.69140625 0.4443359375 0.048828125 0.025390625
16 0.54296875 0.45703125 0.0234375 0.044921875
59 0.634765625 0.451171875 0.02734375 0.03125
18 0.5869140625 0.45703125 0.037109375 0.103515625
16 0.5615234375 0.466796875 0.015625 0.04296875
61 0.625 0.4677734375 0.0859375 0.13671875
16 0.5849609375 0.482421875 0.02734375 0.0546875
60 0.6083984375 0.48828125 0.021484375 0.072265625
61 0.6513671875 0.484375 0.087890625 0.14453125
59 0.7080078125 0.4814453125 0.03515625 0.03515625
60 0.66796875 0.4931640625 0.021484375 0.060546875
60 0.6357421875 0.505859375 0.0234375 0.072265625
61 0.6884765625 0.5029296875 0.099609375 0.15234375
61 0.7080078125 0.525390625 0.076171875 0.158203125
59 0.671875 0.5322265625 0.021484375 0.025390625
60 0.7060546875 0.544921875 0.03125 0.080078125
17 0.484375 0.1875 0.015625 0.01953125
18 0.482421875 0.19140625 0.025390625 0.109375
18 0.5009765625 0.1943359375 0.029296875 0.1015625