7 0.685546875 0.392578125 0.05859375 0.021484375
6 0.6328125 0.412109375 0.076171875 0.0234375
7 0.728515625 0.42578125 0.056640625 0.03125
8 0.6669921875 0.4345703125 0.2265625 0.13671875
4 0.5107421875 0.4228515625 0.1015625 0.037109375
62 0.8193359375 0.458984375 0.048828125 0.01953125
6 0.6650390625 0.4521484375 0.05078125 0.0625
1 0.7666015625 0.4765625 0.060546875 0.04296875
4 0.5419921875 0.47265625 0.109375 0.064453125
2 0.71484375 0.4892578125 0.1875 0.150390625
62 0.8330078125 0.5078125 0.021484375 0.048828125
0 0.6826171875 0.501953125 0.05078125 0.0625
5 0.4423828125 0.4814453125 0.330078125 0.19140625
64 0.7763671875 0.5244140625 0.20703125 0.19140625
3 0.42578125 0.4990234375 0.087890625 0.0859375
4 0.3125 0.4931640625 0.052734375 0.064453125
63 0.7734375 0.5341796875 0.083984375 0.076171875
58 0.2333984375 0.546875 0.2265625 0.5
57 0.2275390625 0.5859375 0.126953125 0.126953125
21 0.48828125 0.6357421875 0.3984375 0.29296875
20 0.3896484375 0.6591796875 0.111328125 0.1171875
56 0.2373046875 0.7041015625 0.13671875 0.154296875