42 0.3359375 0.3662109375 0.068359375 0.107421875
27 0.5146484375 0.35546875 0.03515625 0.03515625
28 0.515625 0.359375 0.080078125 0.19140625
32 0.4619140625 0.3701171875 0.095703125 0.203125
41 0.2919921875 0.396484375 0.021484375 0.03515625
34 0.564453125 0.37109375 0.083984375 0.134765625
31 0.482421875 0.3857421875 0.025390625 0.07421875
33 0.5673828125 0.37890625 0.0546875 0.0390625
39 0.056640625 0.4697265625 0.095703125 0.056640625
35 0.26953125 0.455078125 0.08984375 0.064453125
48 0.1806640625 0.5068359375 0.09375 0.064453125
62 0.435546875 0.46875 0.064453125 0.048828125
30 0.615234375 0.4423828125 0.05859375 0.130859375
7 0.5615234375 0.451171875 0.048828125 0.0234375
29 0.619140625 0.453125 0.025390625 0.078125
8 0.5361328125 0.466796875 0.14453125 0.087890625
14 0.6435546875 0.45703125 0.0234375 0.009765625
6 0.5126953125 0.478515625 0.044921875 0.044921875
35 0.26953125 0.5185546875 0.16796875 0.240234375
40 0.0869140625 0.55078125 0.173828125 0.2890625
13 0.642578125 0.4638671875 0.01171875 0.005859375
4 0.5732421875 0.5 0.068359375 0.0390625
13 0.658203125 0.4873046875 0.0234375 0.029296875
49 0.19140625 0.5625 0.16015625 0.2421875
5 0.5439453125 0.5146484375 0.154296875 0.107421875
58 0.8173828125 0.4794921875 0.099609375 0.201171875
3 0.5146484375 0.529296875 0.05859375 0.056640625
57 0.826171875 0.48828125 0.046875 0.048828125
20 0.37890625 0.560546875 0.056640625 0.16015625
53 0.728515625 0.5087890625 0.037109375 0.017578125
15 0.65234375 0.525390625 0.0859375 0.16015625
64 0.4462890625 0.5595703125 0.123046875 0.3359375
4 0.6044921875 0.53515625 0.0625 0.0390625
47 0.2099609375 0.603515625 0.083984375 0.07421875
5 0.5595703125 0.5537109375 0.177734375 0.1171875
54 0.7294921875 0.52734375 0.078125 0.03515625
55 0.7353515625 0.5263671875 0.14453125 0.12109375
21 0.37890625 0.583984375 0.140625 0.349609375
14 0.6611328125 0.5439453125 0.037109375 0.087890625
3 0.5341796875 0.5673828125 0.044921875 0.044921875
4 0.6083984375 0.572265625 0.0625 0.0390625
63 0.4619140625 0.5986328125 0.064453125 0.166015625
56 0.8271484375 0.541015625 0.056640625 0.05859375
5 0.5654296875 0.5908203125 0.173828125 0.1171875
3 0.541015625 0.6083984375 0.044921875 0.044921875
37 0.3134765625 0.64453125 0.076171875 0.064453125
1 0.6123046875 0.6103515625 0.060546875 0.044921875
11 0.873046875 0.5693359375 0.037109375 0.0234375
12 0.873046875 0.5732421875 0.115234375 0.09765625
2 0.568359375 0.6298828125 0.171875 0.1171875
19 0.3984375 0.658203125 0.052734375 0.037109375
45 0.23046875 0.693359375 0.0859375 0.06640625
51 0.1201171875 0.7109375 0.123046875 0.08984375
0 0.5400390625 0.650390625 0.044921875 0.044921875
38 0.3203125 0.7021484375 0.134765625 0.208984375
46 0.244140625 0.744140625 0.140625 0.21484375
52 0.1337890625 0.771484375 0.208984375 0.294921875
44 0.2529296875 0.7744140625 0.08203125 0.0703125
50 0.1572265625 0.8193359375 0.109375 0.08984375
41 0.4130859375 0.34765625 0.041015625 0.068359375
43 0.359375 0.3603515625 0.197265625 0.150390625