20 0.53125 0.453125 0.09375 0.115234375
62 0.630859375 0.4501953125 0.109375 0.080078125
6 0.3408203125 0.6689453125 0.1015625 0.12109375
4 0.4267578125 0.6591796875 0.09765625 0.205078125
21 0.57421875 0.6572265625 0.26171875 0.568359375
64 0.6982421875 0.630859375 0.298828125 0.58984375
63 0.7138671875 0.6708984375 0.17578125 0.322265625
5 0.44140625 0.759765625 0.25 0.4609375
8 0.341796875 0.7890625 0.232421875 0.4140625
7 0.3818359375 0.83203125 0.0703125 0.162109375
3 0.46484375 0.8525390625 0.15234375 0.1953125