60 0.4111328125 0.55859375 0.072265625 0.02734375
59 0.3603515625 0.5703125 0.025390625 0.021484375
61 0.390625 0.5732421875 0.169921875 0.083984375
63 0.5625 0.5458984375 0.06640625 0.025390625
62 0.5185546875 0.5556640625 0.021484375 0.021484375
64 0.544921875 0.5576171875 0.15234375 0.078125
60 0.37109375 0.599609375 0.080078125 0.03125
59 0.42578125 0.5869140625 0.025390625 0.0234375
62 0.5810546875 0.5712890625 0.021484375 0.021484375
63 0.5361328125 0.5859375 0.0703125 0.02734375
61 0.3974609375 0.6220703125 0.193359375 0.123046875
64 0.560546875 0.587890625 0.162109375 0.080078125
59 0.33984375 0.6494140625 0.041015625 0.05078125
60 0.4189453125 0.6328125 0.107421875 0.048828125
63 0.5859375 0.6044921875 0.078125 0.03125
62 0.5380859375 0.619140625 0.025390625 0.02734375
64 0.5732421875 0.6337890625 0.18359375 0.1171875
61 0.408203125 0.677734375 0.181640625 0.103515625
63 0.59375 0.64453125 0.103515625 0.04296875
60 0.4306640625 0.6845703125 0.1015625 0.044921875
59 0.3525390625 0.7021484375 0.0390625 0.048828125
62 0.5166015625 0.6669921875 0.03515625 0.046875