34 0.271484375 0.494140625 0.220703125 0.18359375
33 0.2421875 0.5 0.0546875 0.107421875
53 0.5380859375 0.52734375 0.0703125 0.0390625
54 0.5361328125 0.564453125 0.140625 0.080078125
55 0.548828125 0.5712890625 0.2734375 0.271484375
30 0.16796875 0.56640625 0.087890625 0.193359375
29 0.1669921875 0.58984375 0.04296875 0.099609375
27 0.279296875 0.603515625 0.04296875 0.05859375
28 0.302734375 0.609375 0.25 0.130859375
14 0.4990234375 0.669921875 0.1796875 0.08203125
11 0.7734375 0.6923828125 0.080078125 0.05078125
31 0.3095703125 0.669921875 0.083984375 0.044921875
32 0.294921875 0.6728515625 0.21875 0.1328125
13 0.6162109375 0.7060546875 0.056640625 0.0390625
12 0.779296875 0.7333984375 0.150390625 0.259765625
15 0.53515625 0.73046875 0.298828125 0.21875
14 0.4873046875 0.736328125 0.171875 0.08984375
13 0.599609375 0.7734375 0.05859375 0.052734375