20 0.6474609375 0.244140625 0.060546875 0.0390625
20 0.6494140625 0.3017578125 0.080078125 0.103515625
39 0.404296875 0.380859375 0.033203125 0.033203125
21 0.6884765625 0.3125 0.1875 0.216796875
63 0.65234375 0.3515625 0.072265625 0.09765625
19 0.7099609375 0.3408203125 0.033203125 0.05078125
37 0.41796875 0.419921875 0.052734375 0.046875
1 0.7724609375 0.3310546875 0.05859375 0.0859375
40 0.41015625 0.4296875 0.107421875 0.158203125
64 0.6884765625 0.3603515625 0.17578125 0.208984375
2 0.783203125 0.361328125 0.177734375 0.21875
4 0.802734375 0.3564453125 0.064453125 0.091796875
62 0.7080078125 0.3896484375 0.03125 0.046875
35 0.4501953125 0.4599609375 0.060546875 0.05859375
38 0.4365234375 0.4716796875 0.119140625 0.171875
5 0.7998046875 0.384765625 0.158203125 0.212890625
4 0.83203125 0.37890625 0.0625 0.0859375
50 0.5166015625 0.4794921875 0.046875 0.041015625
0 0.7578125 0.419921875 0.03515625 0.04296875
51 0.4697265625 0.5009765625 0.041015625 0.041015625
5 0.8173828125 0.4150390625 0.13671875 0.205078125
36 0.46484375 0.5107421875 0.12109375 0.1796875
3 0.78515625 0.44140625 0.037109375 0.04296875
51 0.458984375 0.5283203125 0.03515625 0.080078125
4 0.857421875 0.4326171875 0.0390625 0.060546875
5 0.8408203125 0.453125 0.1015625 0.16796875
3 0.8173828125 0.462890625 0.0390625 0.044921875
52 0.509765625 0.5478515625 0.154296875 0.21484375
44 0.5537109375 0.5634765625 0.04296875 0.04296875
3 0.8505859375 0.4931640625 0.0390625 0.044921875
45 0.513671875 0.5791015625 0.03515625 0.0390625
50 0.4736328125 0.5888671875 0.033203125 0.07421875
45 0.5009765625 0.6005859375 0.033203125 0.0703125
8 0.869140625 0.5205078125 0.068359375 0.1171875
46 0.5439453125 0.6123046875 0.13671875 0.18359375
6 0.880859375 0.5341796875 0.0390625 0.048828125
47 0.5947265625 0.61328125 0.044921875 0.044921875
48 0.5537109375 0.6357421875 0.037109375 0.041015625
44 0.51171875 0.65234375 0.02734375 0.05859375
48 0.5400390625 0.6591796875 0.0390625 0.080078125
49 0.583984375 0.66796875 0.154296875 0.197265625
41 0.6005859375 0.6923828125 0.048828125 0.046875
47 0.5458984375 0.7080078125 0.033203125 0.072265625
42 0.619140625 0.7421875 0.044921875 0.0625
42 0.5927734375 0.7529296875 0.064453125 0.12109375
43 0.6279296875 0.75390625 0.16015625 0.220703125
41 0.595703125 0.7939453125 0.037109375 0.068359375
58 0.4951171875 0.150390625 0.078125 0.1484375
57 0.494140625 0.1611328125 0.033203125 0.041015625
56 0.4990234375 0.1982421875 0.03515625 0.044921875