20 0.5234375 0.4287109375 0.064453125 0.02734375
20 0.4921875 0.4326171875 0.068359375 0.03125
19 0.6513671875 0.482421875 0.05078125 0.037109375
63 0.595703125 0.482421875 0.025390625 0.041015625
64 0.5634765625 0.509765625 0.1015625 0.15234375
21 0.6494140625 0.529296875 0.11328125 0.16796875
18 0.4306640625 0.4892578125 0.078125 0.171875
17 0.3974609375 0.486328125 0.046875 0.044921875
18 0.3955078125 0.4921875 0.08984375 0.177734375
21 0.474609375 0.5087890625 0.123046875 0.189453125
64 0.5302734375 0.5283203125 0.111328125 0.18359375
63 0.466796875 0.5244140625 0.052734375 0.119140625
64 0.4814453125 0.5380859375 0.130859375 0.205078125
16 0.38671875 0.5361328125 0.056640625 0.0703125
62 0.4462890625 0.6103515625 0.052734375 0.037109375