19 0.5498046875 0.4345703125 0.087890625 0.13671875
21 0.388671875 0.419921875 0.59765625 0.205078125
20 0.2958984375 0.421875 0.3203125 0.0859375
62 0.4931640625 0.564453125 0.06640625 0.103515625
64 0.36328125 0.552734375 0.60546875 0.212890625
63 0.30859375 0.55078125 0.236328125 0.091796875
5 0.267578125 0.65234375 0.341796875 0.14453125
4 0.1796875 0.6513671875 0.1328125 0.046875
8 0.255859375 0.7529296875 0.345703125 0.1484375
6 0.333984375 0.767578125 0.10546875 0.087890625
7 0.185546875 0.763671875 0.123046875 0.03515625
0 0.4814453125 0.1875 0.142578125 0.091796875
1 0.287109375 0.1728515625 0.205078125 0.091796875
2 0.3740234375 0.1865234375 0.416015625 0.154296875
4 0.427734375 0.2763671875 0.21484375 0.072265625
5 0.3349609375 0.2783203125 0.48828125 0.19140625