63 0.35546875 0.435546875 0.15625 0.103515625
4 0.5078125 0.423828125 0.083984375 0.0546875
1 0.6201171875 0.41015625 0.078125 0.046875
20 0.2421875 0.4951171875 0.138671875 0.09765625
4 0.5556640625 0.4501953125 0.091796875 0.060546875
0 0.64453125 0.4873046875 0.07421875 0.09765625
6 0.701171875 0.484375 0.0546875 0.068359375
2 0.63671875 0.515625 0.154296875 0.294921875
8 0.6953125 0.5126953125 0.123046875 0.232421875
5 0.5302734375 0.552734375 0.16015625 0.3359375
3 0.587890625 0.54296875 0.07421875 0.103515625
62 0.4208984375 0.576171875 0.08984375 0.0625
5 0.572265625 0.5595703125 0.162109375 0.306640625
64 0.3974609375 0.591796875 0.26171875 0.453125
7 0.7080078125 0.5517578125 0.02734375 0.064453125
19 0.3017578125 0.6220703125 0.134765625 0.095703125
1 0.640625 0.5908203125 0.064453125 0.119140625
4 0.5185546875 0.6162109375 0.0390625 0.0859375
21 0.302734375 0.6552734375 0.318359375 0.48828125
5 0.5166015625 0.6279296875 0.130859375 0.248046875
4 0.59765625 0.626953125 0.04296875 0.107421875
63 0.4541015625 0.6572265625 0.080078125 0.13671875
20 0.375 0.7353515625 0.109375 0.189453125