55 0.6240234375 0.5625 0.236328125 0.2421875
11 0.78515625 0.59765625 0.041015625 0.03125
34 0.3544921875 0.56640625 0.294921875 0.263671875
33 0.365234375 0.5703125 0.072265625 0.138671875
12 0.767578125 0.625 0.1171875 0.212890625
13 0.701171875 0.65234375 0.048828125 0.03125
14 0.61328125 0.6669921875 0.15625 0.064453125
13 0.7080078125 0.7109375 0.0390625 0.05078125
15 0.6337890625 0.708984375 0.25 0.19921875
28 0.388671875 0.6875 0.3359375 0.228515625
27 0.3994140625 0.6982421875 0.0546875 0.076171875
14 0.61328125 0.734375 0.146484375 0.078125
30 0.1845703125 0.716796875 0.15234375 0.310546875
31 0.421875 0.763671875 0.115234375 0.0703125
32 0.375 0.7802734375 0.326171875 0.208984375
29 0.1845703125 0.7607421875 0.0703125 0.162109375