43 0.3203125 0.173828125 0.111328125 0.142578125
20 0.3525390625 0.25390625 0.126953125 0.08203125
63 0.4052734375 0.3212890625 0.154296875 0.109375
19 0.30078125 0.33984375 0.078125 0.083984375
62 0.3505859375 0.4013671875 0.083984375 0.091796875
21 0.3212890625 0.40625 0.240234375 0.408203125
62 0.4189453125 0.4609375 0.064453125 0.060546875
64 0.376953125 0.4619140625 0.248046875 0.412109375
4 0.5654296875 0.521484375 0.09765625 0.076171875
20 0.2841796875 0.478515625 0.080078125 0.177734375
4 0.505859375 0.544921875 0.1015625 0.083984375
63 0.3369140625 0.5380859375 0.087890625 0.169921875
4 0.38671875 0.57421875 0.033203125 0.078125
1 0.5703125 0.62890625 0.103515625 0.087890625
3 0.44921875 0.6064453125 0.0859375 0.095703125
5 0.4072265625 0.5966796875 0.138671875 0.23828125
5 0.4697265625 0.6396484375 0.20703125 0.310546875
0 0.51171875 0.6728515625 0.095703125 0.103515625
2 0.529296875 0.7109375 0.2421875 0.3203125
4 0.41796875 0.697265625 0.052734375 0.099609375
1 0.462890625 0.7578125 0.08203125 0.12109375
6 0.5517578125 0.796875 0.076171875 0.080078125
8 0.560546875 0.810546875 0.224609375 0.267578125
7 0.517578125 0.869140625 0.041015625 0.056640625
58 0.408203125 0.08984375 0.078125 0.16796875
57 0.40234375 0.0986328125 0.037109375 0.041015625
56 0.396484375 0.1396484375 0.04296875 0.048828125
47 0.2587890625 0.1298828125 0.04296875 0.048828125
49 0.26953125 0.1357421875 0.103515625 0.138671875
41 0.310546875 0.1552734375 0.037109375 0.03125