4 0.2783203125 0.4404296875 0.02734375 0.080078125
4 0.248046875 0.4541015625 0.03125 0.08203125
1 0.2197265625 0.4638671875 0.037109375 0.080078125
4 0.3076171875 0.455078125 0.01953125 0.0625
1 0.185546875 0.4716796875 0.046875 0.095703125
7 0.328125 0.4599609375 0.013671875 0.052734375
42 0.6279296875 0.4228515625 0.0234375 0.01171875
47 0.5712890625 0.4384765625 0.033203125 0.013671875
48 0.6025390625 0.4365234375 0.0234375 0.009765625
50 0.505859375 0.4521484375 0.05078125 0.01953125
5 0.267578125 0.4853515625 0.10546875 0.205078125
8 0.33203125 0.4775390625 0.06640625 0.1484375
51 0.548828125 0.4521484375 0.041015625 0.017578125
5 0.3076171875 0.486328125 0.0625 0.154296875
5 0.23828125 0.5009765625 0.12109375 0.216796875
42 0.6376953125 0.453125 0.025390625 0.05078125
48 0.615234375 0.4599609375 0.021484375 0.041015625
2 0.208984375 0.513671875 0.123046875 0.2265625
3 0.3203125 0.513671875 0.0234375 0.041015625
45 0.5947265625 0.482421875 0.025390625 0.044921875
51 0.5673828125 0.4873046875 0.037109375 0.0625
6 0.3447265625 0.515625 0.0234375 0.041015625
3 0.2958984375 0.5234375 0.029296875 0.044921875
43 0.6279296875 0.482421875 0.064453125 0.140625
35 0.5 0.501953125 0.068359375 0.03515625
3 0.2705078125 0.5380859375 0.03125 0.048828125
49 0.5947265625 0.501953125 0.087890625 0.16015625
21 0.17578125 0.5556640625 0.103515625 0.115234375
19 0.1611328125 0.5595703125 0.041015625 0.06640625
0 0.2431640625 0.556640625 0.03515625 0.052734375
41 0.640625 0.509765625 0.015625 0.02734375
37 0.46484375 0.5380859375 0.072265625 0.0390625
46 0.58984375 0.5244140625 0.06640625 0.162109375
47 0.62109375 0.5283203125 0.01953125 0.04296875
52 0.53515625 0.546875 0.140625 0.228515625
39 0.4013671875 0.5751953125 0.064453125 0.041015625
44 0.6005859375 0.552734375 0.025390625 0.048828125
62 0.18359375 0.619140625 0.0390625 0.064453125
64 0.1884765625 0.623046875 0.111328125 0.1171875
50 0.578125 0.5791015625 0.037109375 0.06640625
36 0.5068359375 0.591796875 0.13671875 0.228515625
39 0.4560546875 0.607421875 0.05078125 0.06640625
38 0.4736328125 0.634765625 0.150390625 0.255859375
40 0.421875 0.6845703125 0.1796875 0.29296875