63 0.7421875 0.5390625 0.029296875 0.06640625
60 0.7177734375 0.5341796875 0.03125 0.0703125
64 0.744140625 0.541015625 0.05078125 0.099609375
4 0.3486328125 0.4375 0.05859375 0.12890625
61 0.716796875 0.5361328125 0.05078125 0.099609375
60 0.689453125 0.5302734375 0.03125 0.072265625
20 0.65625 0.52734375 0.02734375 0.072265625
1 0.4638671875 0.478515625 0.044921875 0.08984375
61 0.6865234375 0.5419921875 0.060546875 0.12109375
21 0.6552734375 0.5400390625 0.06640625 0.130859375
4 0.2841796875 0.4521484375 0.041015625 0.08984375
5 0.33203125 0.470703125 0.15625 0.267578125
1 0.4140625 0.4951171875 0.0390625 0.07421875
2 0.4404296875 0.5107421875 0.10546875 0.193359375
1 0.3818359375 0.4970703125 0.033203125 0.0625
19 0.6474609375 0.583984375 0.033203125 0.021484375
4 0.2236328125 0.474609375 0.041015625 0.083984375
2 0.4013671875 0.5224609375 0.095703125 0.15625
5 0.2734375 0.4921875 0.12890625 0.220703125
2 0.3759765625 0.525390625 0.07421875 0.146484375
4 0.1826171875 0.4755859375 0.037109375 0.072265625
0 0.4404296875 0.5546875 0.048828125 0.0625
5 0.216796875 0.5068359375 0.119140625 0.18359375
3 0.3291015625 0.54296875 0.060546875 0.07421875
5 0.1748046875 0.505859375 0.10546875 0.169921875
0 0.3671875 0.5576171875 0.033203125 0.04296875
3 0.21875 0.5458984375 0.060546875 0.0703125
17 0.2451171875 0.724609375 0.04296875 0.0390625
18 0.248046875 0.7314453125 0.09375 0.162109375
17 0.205078125 0.724609375 0.04296875 0.044921875
18 0.1962890625 0.736328125 0.099609375 0.173828125
16 0.23828125 0.765625 0.056640625 0.0703125
59 0.5986328125 0.8798828125 0.02734375 0.02734375
16 0.1943359375 0.7724609375 0.05859375 0.083984375
61 0.5859375 0.9033203125 0.078125 0.142578125
59 0.5361328125 0.90234375 0.033203125 0.029296875
60 0.5595703125 0.91015625 0.0234375 0.05078125
60 0.5888671875 0.921875 0.029296875 0.064453125
61 0.55859375 0.9140625 0.0625 0.134765625
59 0.4990234375 0.91015625 0.03515625 0.029296875
59 0.552734375 0.9365234375 0.021484375 0.01953125
61 0.52734375 0.93359375 0.064453125 0.126953125
61 0.478515625 0.9267578125 0.09765625 0.146484375
60 0.5244140625 0.9453125 0.033203125 0.068359375
18 0.4482421875 0.9365234375 0.072265625 0.126953125
17 0.45703125 0.94140625 0.029296875 0.033203125
60 0.4892578125 0.9541015625 0.033203125 0.0703125
18 0.4189453125 0.939453125 0.068359375 0.115234375
18 0.3798828125 0.939453125 0.06640625 0.09765625
17 0.4150390625 0.9521484375 0.03515625 0.029296875
16 0.4462890625 0.97265625 0.041015625 0.0546875
17 0.3818359375 0.9638671875 0.03515625 0.03515625
16 0.408203125 0.9765625 0.04296875 0.0390625