6 0.345703125 0.310546875 0.046875 0.029296875
40 0.689453125 0.33984375 0.107421875 0.13671875
6 0.326171875 0.345703125 0.0234375 0.048828125
7 0.404296875 0.3515625 0.044921875 0.0390625
8 0.376953125 0.36328125 0.146484375 0.150390625
38 0.724609375 0.3671875 0.123046875 0.138671875
7 0.36328125 0.375 0.037109375 0.044921875
39 0.654296875 0.3828125 0.029296875 0.029296875
3 0.326171875 0.384765625 0.0234375 0.048828125
36 0.755859375 0.396484375 0.1171875 0.140625
7 0.421875 0.40234375 0.04296875 0.013671875
37 0.69140625 0.40625 0.033203125 0.041015625
5 0.375 0.408203125 0.142578125 0.142578125
50 0.8046875 0.412109375 0.052734375 0.0625
52 0.8046875 0.421875 0.142578125 0.169921875
4 0.36328125 0.42578125 0.0390625 0.056640625
35 0.724609375 0.4375 0.037109375 0.041015625
5 0.369140625 0.458984375 0.130859375 0.17578125
44 0.8515625 0.462890625 0.046875 0.056640625
3 0.33203125 0.46484375 0.0234375 0.046875
46 0.83203125 0.46875 0.087890625 0.14453125
51 0.767578125 0.46875 0.05078125 0.056640625
4 0.380859375 0.48828125 0.046875 0.068359375
5 0.359375 0.498046875 0.109375 0.173828125
0 0.4609375 0.501953125 0.0390625 0.06640625
45 0.8203125 0.5078125 0.048828125 0.048828125
4 0.376953125 0.525390625 0.04296875 0.068359375
2 0.546875 0.54296875 0.26171875 0.267578125
62 0.44921875 0.552734375 0.029296875 0.064453125
1 0.576171875 0.5546875 0.140625 0.12109375
1 0.5546875 0.603515625 0.0859375 0.103515625
19 0.443359375 0.611328125 0.025390625 0.05859375
64 0.578125 0.646484375 0.345703125 0.349609375
63 0.5625 0.654296875 0.15234375 0.18359375
21 0.556640625 0.697265625 0.3125 0.33984375
20 0.544921875 0.724609375 0.142578125 0.189453125
34 0.2265625 0.193359375 0.06640625 0.095703125
33 0.228515625 0.203125 0.048828125 0.021484375