4 0.3056640625 0.330078125 0.03515625 0.103515625
4 0.2822265625 0.349609375 0.021484375 0.06640625
1 0.3759765625 0.3515625 0.03125 0.087890625
5 0.3203125 0.357421875 0.087890625 0.203125
4 0.2744140625 0.3701171875 0.015625 0.0546875
4 0.2626953125 0.3740234375 0.013671875 0.044921875
5 0.294921875 0.3779296875 0.064453125 0.150390625
1 0.357421875 0.3740234375 0.01953125 0.064453125
1 0.33984375 0.376953125 0.017578125 0.05078125
2 0.3896484375 0.3818359375 0.072265625 0.171875
5 0.2841796875 0.392578125 0.044921875 0.11328125
5 0.271484375 0.396484375 0.041015625 0.103515625
2 0.365234375 0.396484375 0.048828125 0.1328125
2 0.34375 0.400390625 0.0390625 0.1171875
3 0.271484375 0.41796875 0.01171875 0.025390625
20 0.5947265625 0.3876953125 0.029296875 0.111328125
3 0.28515625 0.4228515625 0.017578125 0.0390625
3 0.32421875 0.419921875 0.0234375 0.048828125
60 0.6474609375 0.388671875 0.04296875 0.12109375
60 0.7099609375 0.3896484375 0.05078125 0.130859375
21 0.615234375 0.4013671875 0.1015625 0.1953125
0 0.34765625 0.431640625 0.015625 0.03125
0 0.390625 0.4287109375 0.029296875 0.05078125
61 0.6728515625 0.4072265625 0.125 0.212890625
63 0.78125 0.3955078125 0.05859375 0.140625
61 0.7333984375 0.40625 0.134765625 0.220703125
64 0.8037109375 0.4150390625 0.150390625 0.24609375
19 0.607421875 0.474609375 0.04296875 0.029296875
17 0.3359375 0.548828125 0.01953125 0.025390625
18 0.3388671875 0.5546875 0.037109375 0.109375
16 0.341796875 0.5810546875 0.021484375 0.04296875
16 0.3544921875 0.587890625 0.015625 0.041015625
17 0.4375 0.798828125 0.01953125 0.029296875
18 0.443359375 0.80078125 0.04296875 0.123046875
17 0.4580078125 0.814453125 0.013671875 0.029296875
18 0.46875 0.8232421875 0.04296875 0.115234375
59 0.5166015625 0.82421875 0.029296875 0.029296875
60 0.5634765625 0.8193359375 0.056640625 0.04296875
16 0.4423828125 0.833984375 0.0234375 0.046875
17 0.4892578125 0.8310546875 0.0234375 0.03515625
18 0.49609375 0.83984375 0.041015625 0.12109375
16 0.4658203125 0.84765625 0.017578125 0.04296875
60 0.609375 0.833984375 0.0546875 0.048828125
59 0.5498046875 0.8447265625 0.033203125 0.0390625
61 0.537109375 0.8515625 0.078125 0.15625
16 0.4951171875 0.8681640625 0.02734375 0.052734375
61 0.5703125 0.8681640625 0.083984375 0.15625
60 0.6513671875 0.859375 0.0625 0.048828125
60 0.521484375 0.876953125 0.0234375 0.076171875
60 0.595703125 0.890625 0.01953125 0.0625
59 0.638671875 0.8876953125 0.041015625 0.044921875
60 0.5576171875 0.900390625 0.025390625 0.078125
61 0.6162109375 0.896484375 0.08984375 0.18359375
61 0.6572265625 0.908203125 0.091796875 0.162109375
60 0.6455078125 0.9482421875 0.029296875 0.080078125