63 0.3876953125 0.388671875 0.158203125 0.109375
4 0.5341796875 0.431640625 0.0859375 0.05859375
1 0.64453125 0.458984375 0.080078125 0.05078125
20 0.2607421875 0.4033203125 0.142578125 0.103515625
4 0.5693359375 0.47265625 0.09375 0.064453125
0 0.6396484375 0.5400390625 0.078125 0.099609375
6 0.693359375 0.556640625 0.056640625 0.0703125
2 0.6220703125 0.5634765625 0.16796875 0.298828125
8 0.6787109375 0.58203125 0.1328125 0.234375
5 0.5087890625 0.5595703125 0.17578125 0.337890625
3 0.56640625 0.572265625 0.080078125 0.10546875
62 0.3994140625 0.5419921875 0.08984375 0.06640625
5 0.546875 0.58203125 0.17578125 0.30859375
64 0.3720703125 0.548828125 0.28125 0.458984375
7 0.67578125 0.623046875 0.029296875 0.064453125
19 0.271484375 0.54296875 0.138671875 0.099609375
1 0.599609375 0.634765625 0.0703125 0.12109375
4 0.4755859375 0.6142578125 0.04296875 0.0859375
21 0.2607421875 0.5751953125 0.33984375 0.498046875
5 0.4697265625 0.625 0.142578125 0.251953125
4 0.544921875 0.6533203125 0.048828125 0.107421875
63 0.400390625 0.630859375 0.0859375 0.138671875
20 0.298828125 0.6748046875 0.1171875 0.193359375