39 0.38671875 0.419921875 0.03125 0.033203125
37 0.3818359375 0.462890625 0.046875 0.044921875
40 0.37109375 0.466796875 0.099609375 0.15625
35 0.3876953125 0.51171875 0.052734375 0.052734375
38 0.3779296875 0.51171875 0.109375 0.16015625
36 0.38671875 0.5439453125 0.10546875 0.130859375
50 0.423828125 0.5673828125 0.04296875 0.04296875
51 0.3740234375 0.5654296875 0.037109375 0.041015625
52 0.3876953125 0.6162109375 0.142578125 0.19921875
44 0.4287109375 0.65625 0.04296875 0.04296875
45 0.3876953125 0.6533203125 0.033203125 0.0390625
45 0.3671875 0.6650390625 0.03125 0.0703125
46 0.3974609375 0.69140625 0.130859375 0.173828125
47 0.443359375 0.7197265625 0.04296875 0.044921875
44 0.353515625 0.7109375 0.025390625 0.05859375
48 0.392578125 0.724609375 0.0234375 0.03515625
48 0.375 0.7392578125 0.037109375 0.076171875
49 0.408203125 0.76171875 0.14453125 0.185546875
41 0.4375 0.7939453125 0.046875 0.046875
47 0.3583984375 0.779296875 0.03125 0.072265625
42 0.4072265625 0.84375 0.060546875 0.1171875
42 0.431640625 0.8486328125 0.037109375 0.0546875
43 0.4326171875 0.85546875 0.15234375 0.20703125
41 0.388671875 0.8740234375 0.033203125 0.064453125