63 0.376953125 0.400390625 0.15234375 0.09765625
4 0.52734375 0.4287109375 0.08203125 0.05078125
1 0.6396484375 0.4443359375 0.078125 0.04296875
20 0.251953125 0.4287109375 0.13671875 0.091796875
4 0.56640625 0.4658203125 0.08984375 0.0546875
0 0.642578125 0.5244140625 0.0703125 0.095703125
6 0.6982421875 0.5361328125 0.05078125 0.06640625
2 0.6279296875 0.55078125 0.140625 0.291015625
8 0.685546875 0.5625 0.11328125 0.228515625
5 0.515625 0.55859375 0.14453125 0.33203125
3 0.5732421875 0.564453125 0.0703125 0.1015625
62 0.404296875 0.552734375 0.0859375 0.05859375
5 0.5546875 0.576171875 0.146484375 0.30078125
64 0.3779296875 0.5615234375 0.240234375 0.4453125
7 0.6875 0.6044921875 0.0234375 0.064453125
19 0.27734375 0.56640625 0.1328125 0.087890625
1 0.6123046875 0.6240234375 0.05859375 0.1171875
4 0.4873046875 0.6162109375 0.03515625 0.083984375
21 0.26953125 0.599609375 0.296875 0.478515625
5 0.482421875 0.6279296875 0.119140625 0.244140625
4 0.5615234375 0.6474609375 0.037109375 0.10546875
63 0.4150390625 0.640625 0.07421875 0.134765625
20 0.318359375 0.6953125 0.099609375 0.1875