4 0.6259765625 0.443359375 0.0625 0.04296875
5 0.5791015625 0.458984375 0.185546875 0.13671875
7 0.4541015625 0.4892578125 0.09765625 0.052734375
3 0.5654296875 0.4697265625 0.0546875 0.068359375
63 0.6904296875 0.474609375 0.103515625 0.08984375
8 0.3759765625 0.5400390625 0.349609375 0.240234375
6 0.3388671875 0.5595703125 0.115234375 0.111328125
64 0.6552734375 0.5 0.232421875 0.197265625
62 0.6142578125 0.5234375 0.044921875 0.087890625
1 0.51953125 0.5712890625 0.1015625 0.083984375
20 0.6943359375 0.5478515625 0.107421875 0.087890625
2 0.3994140625 0.626953125 0.40625 0.2578125
21 0.6611328125 0.58203125 0.228515625 0.19921875
0 0.388671875 0.64453125 0.099609375 0.1015625
19 0.62109375 0.609375 0.046875 0.083984375
1 0.2548828125 0.6826171875 0.076171875 0.083984375
4 0.5205078125 0.6376953125 0.111328125 0.083984375
5 0.412109375 0.7021484375 0.408203125 0.2734375
3 0.40234375 0.7216796875 0.099609375 0.099609375
4 0.52734375 0.7001953125 0.109375 0.087890625
4 0.2666015625 0.7626953125 0.07421875 0.099609375
5 0.4189453125 0.7685546875 0.400390625 0.291015625
3 0.412109375 0.7958984375 0.095703125 0.095703125
4 0.28125 0.8388671875 0.0703125 0.099609375