20 0.5380859375 0.4580078125 0.080078125 0.10546875
62 0.63671875 0.470703125 0.103515625 0.064453125
6 0.31640625 0.6416015625 0.087890625 0.111328125
4 0.40234375 0.6455078125 0.068359375 0.201171875
21 0.548828125 0.6669921875 0.177734375 0.55859375
64 0.67578125 0.66015625 0.21484375 0.576171875
63 0.6845703125 0.7021484375 0.130859375 0.3125
5 0.4013671875 0.748046875 0.185546875 0.447265625
8 0.298828125 0.7607421875 0.17578125 0.400390625
7 0.33203125 0.8095703125 0.046875 0.16015625
3 0.41015625 0.8427734375 0.12890625 0.181640625