4 0.3486328125 0.3896484375 0.0625 0.03125
5 0.337890625 0.39453125 0.181640625 0.099609375
40 0.0888671875 0.3740234375 0.080078125 0.119140625
8 0.5517578125 0.4404296875 0.25390625 0.12890625
58 0.232421875 0.4091796875 0.091796875 0.23828125
57 0.2294921875 0.4189453125 0.041015625 0.0546875
39 0.0791015625 0.4140625 0.033203125 0.0234375
4 0.3662109375 0.4658203125 0.087890625 0.044921875
5 0.3388671875 0.4658203125 0.1953125 0.119140625
30 0.158203125 0.4462890625 0.115234375 0.04296875
29 0.1630859375 0.451171875 0.068359375 0.0234375
56 0.23046875 0.4814453125 0.046875 0.06640625
2 0.5703125 0.52734375 0.318359375 0.166015625
20 0.275390625 0.50390625 0.05078125 0.0546875
1 0.6005859375 0.5498046875 0.1640625 0.09765625
21 0.3671875 0.548828125 0.26953125 0.16796875
63 0.5400390625 0.6005859375 0.083984375 0.08984375
64 0.7236328125 0.6748046875 0.515625 0.28515625