1 0.7802734375 0.50390625 0.046875 0.080078125
20 0.6484375 0.4853515625 0.087890625 0.06640625
4 0.8056640625 0.525390625 0.044921875 0.087890625
21 0.6796875 0.498046875 0.1875 0.1484375
4 0.8408203125 0.5419921875 0.048828125 0.087890625
19 0.708984375 0.5205078125 0.033203125 0.052734375
2 0.779296875 0.5478515625 0.142578125 0.216796875
5 0.8076171875 0.5673828125 0.1484375 0.224609375
20 0.63671875 0.53515625 0.083984375 0.06640625
21 0.66015625 0.5439453125 0.173828125 0.150390625
5 0.82421875 0.5830078125 0.125 0.2265625
41 0.42578125 0.5 0.025390625 0.03515625
19 0.6953125 0.5673828125 0.03125 0.05078125
0 0.7421875 0.58984375 0.037109375 0.044921875
43 0.435546875 0.5302734375 0.087890625 0.15625
5 0.8369140625 0.6171875 0.080078125 0.177734375
47 0.4462890625 0.5341796875 0.03125 0.05859375
3 0.7724609375 0.607421875 0.041015625 0.048828125
49 0.4736328125 0.560546875 0.12109375 0.1796875
3 0.8037109375 0.630859375 0.04296875 0.048828125
42 0.4130859375 0.5595703125 0.037109375 0.064453125
44 0.4599609375 0.5751953125 0.03125 0.064453125
3 0.8330078125 0.6630859375 0.041015625 0.04296875
46 0.4775390625 0.5888671875 0.10546875 0.185546875
50 0.482421875 0.6005859375 0.052734375 0.091796875
48 0.4326171875 0.599609375 0.029296875 0.05078125
52 0.521484375 0.6259765625 0.173828125 0.259765625
45 0.4462890625 0.638671875 0.03125 0.0546875
36 0.5556640625 0.6875 0.1796875 0.25390625
51 0.462890625 0.681640625 0.048828125 0.08203125
38 0.5908203125 0.7568359375 0.21875 0.302734375
40 0.6357421875 0.830078125 0.24609375 0.3359375
39 0.5556640625 0.8974609375 0.060546875 0.0859375