14 0.2724609375 0.3876953125 0.08984375 0.23046875
14 0.400390625 0.369140625 0.08984375 0.234375
14 0.5263671875 0.35546875 0.091796875 0.2265625
14 0.646484375 0.3369140625 0.09375 0.22265625
14 0.7734375 0.318359375 0.099609375 0.234375
15 0.279296875 0.431640625 0.189453125 0.345703125
15 0.4072265625 0.412109375 0.18359375 0.345703125
15 0.5322265625 0.3916015625 0.19140625 0.3515625
15 0.6513671875 0.37890625 0.189453125 0.333984375
15 0.7763671875 0.361328125 0.201171875 0.34375
13 0.2978515625 0.5322265625 0.083984375 0.078125
13 0.4208984375 0.5126953125 0.080078125 0.07421875
13 0.662109375 0.4765625 0.078125 0.07421875
13 0.544921875 0.4951171875 0.080078125 0.07421875
13 0.7861328125 0.4609375 0.080078125 0.07421875