42 0.328125 0.3857421875 0.021484375 0.05078125
41 0.4443359375 0.373046875 0.04296875 0.068359375
43 0.3955078125 0.38671875 0.193359375 0.154296875
42 0.375 0.39453125 0.0703125 0.103515625
27 0.5419921875 0.369140625 0.03515625 0.03515625
28 0.541015625 0.373046875 0.0859375 0.18359375
32 0.5 0.3857421875 0.087890625 0.19140625
41 0.3388671875 0.42578125 0.021484375 0.03125
34 0.5908203125 0.380859375 0.08984375 0.134765625
31 0.51171875 0.40234375 0.03125 0.072265625
33 0.59375 0.3837890625 0.052734375 0.03515625
39 0.1357421875 0.5078125 0.08984375 0.060546875
35 0.3232421875 0.4833984375 0.083984375 0.06640625
48 0.2451171875 0.537109375 0.0859375 0.064453125
62 0.4775390625 0.4833984375 0.064453125 0.052734375
30 0.6494140625 0.4443359375 0.064453125 0.12890625
7 0.595703125 0.4580078125 0.048828125 0.02734375
8 0.57421875 0.4755859375 0.142578125 0.095703125
29 0.654296875 0.4560546875 0.03125 0.078125
6 0.55078125 0.4853515625 0.044921875 0.044921875
36 0.3408203125 0.5400390625 0.146484375 0.228515625
40 0.1533203125 0.587890625 0.201171875 0.279296875
13 0.67578125 0.4619140625 0.01171875 0.005859375
4 0.61328125 0.501953125 0.06640625 0.0390625
49 0.2626953125 0.5908203125 0.16015625 0.23046875
13 0.693359375 0.486328125 0.025390625 0.03125
5 0.5869140625 0.5185546875 0.150390625 0.11328125
58 0.8544921875 0.4619140625 0.111328125 0.205078125
3 0.5576171875 0.5361328125 0.060546875 0.060546875
20 0.4287109375 0.578125 0.060546875 0.154296875
57 0.865234375 0.4697265625 0.052734375 0.0546875
53 0.767578125 0.5 0.041015625 0.0234375
4 0.6455078125 0.5341796875 0.0625 0.0390625
64 0.498046875 0.5712890625 0.146484375 0.330078125
47 0.2802734375 0.626953125 0.08203125 0.076171875
15 0.69921875 0.5224609375 0.0859375 0.16015625
21 0.4345703125 0.5986328125 0.158203125 0.34375
5 0.6064453125 0.5556640625 0.17578125 0.123046875
54 0.771484375 0.5166015625 0.08203125 0.04296875
55 0.7783203125 0.517578125 0.150390625 0.12890625
14 0.7041015625 0.5419921875 0.04296875 0.08984375
3 0.58203125 0.572265625 0.046875 0.046875
63 0.515625 0.6044921875 0.076171875 0.1640625
4 0.65234375 0.5703125 0.0625 0.041015625
56 0.8701171875 0.5224609375 0.060546875 0.0625
5 0.6162109375 0.595703125 0.173828125 0.125
37 0.37890625 0.6591796875 0.076171875 0.068359375
3 0.591796875 0.6103515625 0.046875 0.046875
1 0.6611328125 0.6044921875 0.060546875 0.0390625
12 0.919921875 0.5439453125 0.09765625 0.0859375
11 0.919921875 0.5439453125 0.0390625 0.025390625
19 0.4599609375 0.6689453125 0.05078125 0.037109375
51 0.2060546875 0.732421875 0.115234375 0.09375
45 0.306640625 0.708984375 0.08203125 0.068359375
2 0.6240234375 0.6318359375 0.171875 0.126953125
0 0.59375 0.6513671875 0.046875 0.046875
38 0.39453125 0.7138671875 0.1328125 0.205078125
46 0.3232421875 0.76171875 0.140625 0.208984375
52 0.2265625 0.7998046875 0.205078125 0.275390625
44 0.3330078125 0.7890625 0.080078125 0.07421875
50 0.2470703125 0.8349609375 0.107421875 0.091796875