11 0.572265625 0.4130859375 0.05078125 0.0546875
12 0.5888671875 0.4287109375 0.189453125 0.2578125
14 0.3427734375 0.404296875 0.173828125 0.115234375
15 0.3076171875 0.44921875 0.3203125 0.271484375
13 0.232421875 0.443359375 0.064453125 0.05078125
27 0.3486328125 0.5 0.072265625 0.0625
28 0.3466796875 0.505859375 0.306640625 0.240234375
53 0.6865234375 0.591796875 0.07421875 0.0703125
31 0.400390625 0.537109375 0.111328125 0.091796875
54 0.6669921875 0.6171875 0.166015625 0.1640625
55 0.69140625 0.6328125 0.38671875 0.416015625
32 0.3701171875 0.576171875 0.326171875 0.287109375
33 0.4599609375 0.623046875 0.125 0.115234375
34 0.458984375 0.6455078125 0.318359375 0.298828125
29 0.533203125 0.73828125 0.1640625 0.13671875
30 0.5048828125 0.7568359375 0.294921875 0.28125
8 0.24609375 0.0390625 0.07421875 0.078125
7 0.2255859375 0.0322265625 0.021484375 0.01953125
2 0.2509765625 0.083984375 0.109375 0.126953125
1 0.2392578125 0.103515625 0.083984375 0.068359375
64 0.2626953125 0.150390625 0.166015625 0.169921875
62 0.248046875 0.1533203125 0.0390625 0.0546875