53 0.5595703125 0.5439453125 0.060546875 0.03125
54 0.552734375 0.57421875 0.12109375 0.05859375
55 0.5517578125 0.580078125 0.240234375 0.205078125
14 0.240234375 0.564453125 0.099609375 0.099609375
27 0.3212890625 0.607421875 0.06640625 0.03515625
11 0.65234375 0.69140625 0.0546875 0.0234375
29 0.5908203125 0.6796875 0.05859375 0.076171875
33 0.4931640625 0.6591796875 0.109375 0.046875
31 0.3974609375 0.640625 0.0390625 0.060546875
15 0.2099609375 0.6171875 0.216796875 0.240234375
13 0.19921875 0.615234375 0.0703125 0.046875
32 0.37890625 0.658203125 0.1328125 0.203125
28 0.3017578125 0.64453125 0.158203125 0.2109375
34 0.4931640625 0.693359375 0.185546875 0.1953125
30 0.5859375 0.71875 0.130859375 0.1796875
12 0.6669921875 0.7509765625 0.19921875 0.18359375
13 0.197265625 0.6650390625 0.033203125 0.03125
14 0.1708984375 0.6767578125 0.078125 0.033203125