52 0.78515625 0.3984375 0.228515625 0.3203125
52 0.8935546875 0.4169921875 0.212890625 0.310546875
49 0.2197265625 0.3232421875 0.18359375 0.2734375
52 0.6552734375 0.392578125 0.17578125 0.25
43 0.1064453125 0.3154296875 0.201171875 0.271484375
50 0.875 0.46875 0.11328125 0.09765625
50 0.6435546875 0.4453125 0.095703125 0.08203125
47 0.2216796875 0.384765625 0.095703125 0.09765625
42 0.0908203125 0.3837890625 0.13671875 0.080078125
50 0.6796875 0.291015625 0.05859375 0.021484375
51 0.935546875 0.345703125 0.125 0.0859375
48 0.2216796875 0.2578125 0.109375 0.072265625
51 0.673828125 0.33984375 0.099609375 0.068359375
41 0.083984375 0.26953125 0.109375 0.068359375