35 0.30078125 0.40234375 0.08203125 0.07421875
30 0.5810546875 0.37109375 0.056640625 0.12890625
62 0.4443359375 0.4072265625 0.05859375 0.0546875
7 0.5390625 0.3837890625 0.037109375 0.0234375
48 0.2275390625 0.462890625 0.091796875 0.072265625
29 0.5830078125 0.3828125 0.029296875 0.07421875
8 0.521484375 0.40234375 0.119140625 0.095703125
6 0.50390625 0.412109375 0.037109375 0.044921875
36 0.3193359375 0.470703125 0.150390625 0.244140625
40 0.123046875 0.5244140625 0.24609375 0.337890625
13 0.615234375 0.4130859375 0.021484375 0.03125
4 0.5546875 0.4296875 0.0546875 0.0390625
58 0.748046875 0.3876953125 0.107421875 0.189453125
5 0.533203125 0.447265625 0.126953125 0.111328125
57 0.7578125 0.3955078125 0.044921875 0.046875
49 0.244140625 0.5234375 0.173828125 0.259765625
3 0.5126953125 0.462890625 0.052734375 0.05859375
53 0.6748046875 0.42578125 0.03515625 0.01953125
20 0.40234375 0.50390625 0.05859375 0.16015625
15 0.6181640625 0.4501953125 0.080078125 0.154296875
4 0.5810546875 0.4619140625 0.05078125 0.0390625
54 0.6767578125 0.443359375 0.0703125 0.03515625
55 0.6826171875 0.4423828125 0.1328125 0.115234375
11 0.8046875 0.4140625 0.03515625 0.025390625
64 0.4638671875 0.4990234375 0.142578125 0.341796875
5 0.5498046875 0.4833984375 0.142578125 0.119140625
14 0.623046875 0.4677734375 0.041015625 0.0859375
12 0.8125 0.421875 0.07421875 0.09765625
21 0.41015625 0.5263671875 0.150390625 0.353515625
47 0.2666015625 0.564453125 0.08203125 0.080078125
3 0.5322265625 0.498046875 0.041015625 0.046875
56 0.759765625 0.443359375 0.05078125 0.0546875
4 0.5859375 0.4970703125 0.05078125 0.041015625
63 0.4794921875 0.53125 0.0703125 0.1640625
5 0.5576171875 0.51953125 0.142578125 0.123046875
3 0.5400390625 0.5380859375 0.0390625 0.044921875
1 0.591796875 0.529296875 0.046875 0.0390625
37 0.3603515625 0.5947265625 0.072265625 0.072265625
2 0.564453125 0.556640625 0.14453125 0.12890625
19 0.4345703125 0.6005859375 0.046875 0.041015625
0 0.5439453125 0.578125 0.037109375 0.04296875
45 0.2939453125 0.65234375 0.080078125 0.076171875
51 0.1962890625 0.6865234375 0.125 0.109375
38 0.376953125 0.6533203125 0.1328125 0.22265625
46 0.3134765625 0.705078125 0.146484375 0.22265625
52 0.203125 0.76171875 0.2578125 0.32421875
44 0.322265625 0.7333984375 0.080078125 0.078125
50 0.2451171875 0.79296875 0.111328125 0.10546875
42 0.2998046875 0.2939453125 0.029296875 0.0625
41 0.41015625 0.287109375 0.041015625 0.072265625
43 0.3564453125 0.302734375 0.197265625 0.166015625
42 0.3466796875 0.306640625 0.068359375 0.11328125
27 0.494140625 0.2900390625 0.03125 0.037109375
28 0.4921875 0.29296875 0.087890625 0.19140625
32 0.458984375 0.3046875 0.0859375 0.203125
41 0.3056640625 0.3427734375 0.033203125 0.04296875
34 0.5322265625 0.306640625 0.0859375 0.13671875
31 0.4697265625 0.322265625 0.02734375 0.076171875
33 0.53515625 0.310546875 0.046875 0.03515625
39 0.1064453125 0.4306640625 0.09765625 0.072265625