1 0.50390625 0.40625 0.1328125 0.107421875
2 0.5390625 0.451171875 0.263671875 0.21875
3 0.421875 0.4482421875 0.052734375 0.046875
0 0.5947265625 0.48828125 0.080078125 0.08203125
5 0.4951171875 0.470703125 0.31640625 0.271484375
4 0.5478515625 0.4990234375 0.126953125 0.099609375
20 0.427734375 0.517578125 0.220703125 0.18359375
4 0.5166015625 0.5400390625 0.111328125 0.087890625
21 0.46484375 0.56640625 0.4140625 0.353515625
63 0.375 0.58984375 0.173828125 0.146484375
19 0.5517578125 0.6298828125 0.078125 0.083984375
4 0.240234375 0.576171875 0.099609375 0.08203125
64 0.3994140625 0.623046875 0.443359375 0.38671875
5 0.2861328125 0.62109375 0.279296875 0.251953125
62 0.474609375 0.6728515625 0.06640625 0.072265625
7 0.1806640625 0.640625 0.095703125 0.080078125
8 0.2216796875 0.669921875 0.29296875 0.263671875
6 0.2841796875 0.71484375 0.076171875 0.083984375
35 0.736328125 0.943359375 0.0625 0.083984375