4 0.724609375 0.48828125 0.068359375 0.009765625
4 0.52734375 0.494140625 0.142578125 0.03515625
5 0.470703125 0.4951171875 0.279296875 0.08203125
3 0.662109375 0.4931640625 0.048828125 0.017578125
3 0.3984375 0.5 0.078125 0.056640625
5 0.689453125 0.5126953125 0.173828125 0.07421875
4 0.728515625 0.517578125 0.078125 0.021484375
3 0.65234375 0.5244140625 0.05078125 0.041015625
5 0.4697265625 0.5556640625 0.275390625 0.08203125
4 0.7177734375 0.55859375 0.076171875 0.01953125
5 0.6806640625 0.5595703125 0.166015625 0.048828125
3 0.3994140625 0.564453125 0.07421875 0.05078125
4 0.5185546875 0.564453125 0.126953125 0.037109375
3 0.6416015625 0.5634765625 0.0546875 0.0390625