3 0.416015625 0.544921875 0.12109375 0.048828125
6 0.17578125 0.548828125 0.052734375 0.08203125
7 0.240234375 0.5771484375 0.080078125 0.060546875
64 0.5126953125 0.6298828125 0.3125 0.232421875
8 0.2734375 0.5888671875 0.318359375 0.23828125
4 0.45703125 0.630859375 0.09375 0.078125
7 0.357421875 0.611328125 0.087890625 0.044921875
63 0.615234375 0.673828125 0.06640625 0.099609375
4 0.6591796875 0.6845703125 0.044921875 0.04296875
1 0.12890625 0.607421875 0.072265625 0.076171875
20 0.537109375 0.6904296875 0.09375 0.138671875
4 0.443359375 0.7119140625 0.095703125 0.0859375
2 0.2451171875 0.6748046875 0.353515625 0.2890625
0 0.208984375 0.6748046875 0.080078125 0.1171875
1 0.3359375 0.720703125 0.11328125 0.0703125