50 0.443359375 0.5439453125 0.025390625 0.01171875
50 0.39453125 0.5517578125 0.02734375 0.01171875
51 0.5537109375 0.5322265625 0.05078125 0.033203125
51 0.498046875 0.5419921875 0.05078125 0.033203125
51 0.4482421875 0.564453125 0.041015625 0.029296875
51 0.3994140625 0.5712890625 0.041015625 0.029296875
45 0.2978515625 0.58984375 0.04296875 0.029296875
42 0.2431640625 0.611328125 0.060546875 0.041015625
52 0.55859375 0.568359375 0.076171875 0.13671875
52 0.5029296875 0.578125 0.076171875 0.134765625
52 0.4521484375 0.59375 0.068359375 0.1171875
52 0.4052734375 0.599609375 0.068359375 0.115234375
46 0.3056640625 0.6181640625 0.07421875 0.12109375
43 0.248046875 0.6298828125 0.08984375 0.1171875
50 0.5615234375 0.58984375 0.052734375 0.044921875
50 0.505859375 0.599609375 0.052734375 0.044921875
50 0.45703125 0.6123046875 0.04296875 0.0390625
50 0.41015625 0.62109375 0.04296875 0.0390625
44 0.30859375 0.6396484375 0.04296875 0.041015625
41 0.251953125 0.6591796875 0.041015625 0.029296875
41 0.525390625 0.705078125 0.01953125 0.009765625
41 0.466796875 0.7158203125 0.0234375 0.01171875
42 0.515625 0.734375 0.0546875 0.03515625
42 0.455078125 0.7451171875 0.0546875 0.03515625
43 0.517578125 0.75390625 0.076171875 0.11328125
43 0.4580078125 0.7626953125 0.080078125 0.111328125
41 0.521484375 0.78125 0.0390625 0.02734375
41 0.4619140625 0.791015625 0.0390625 0.02734375