43 0.33203125 0.16796875 0.115234375 0.14453125
20 0.361328125 0.248046875 0.126953125 0.0859375
63 0.4111328125 0.318359375 0.15625 0.11328125
19 0.306640625 0.3330078125 0.078125 0.0859375
62 0.353515625 0.396484375 0.0859375 0.09375
21 0.32421875 0.400390625 0.251953125 0.41015625
62 0.419921875 0.4580078125 0.06640625 0.060546875
64 0.3779296875 0.45703125 0.259765625 0.4140625
4 0.564453125 0.5234375 0.09765625 0.078125
20 0.28515625 0.470703125 0.0859375 0.177734375
4 0.50390625 0.5458984375 0.103515625 0.0859375
63 0.3359375 0.533203125 0.09375 0.169921875
4 0.3837890625 0.5703125 0.03515625 0.078125
1 0.56640625 0.630859375 0.10546875 0.091796875
3 0.4453125 0.6044921875 0.087890625 0.09765625
5 0.404296875 0.59375 0.14453125 0.240234375
5 0.46484375 0.638671875 0.21484375 0.3125
0 0.505859375 0.673828125 0.09765625 0.10546875
2 0.5224609375 0.7119140625 0.25 0.32421875
4 0.4111328125 0.6943359375 0.0546875 0.099609375
1 0.453125 0.7568359375 0.0859375 0.123046875
6 0.541015625 0.7978515625 0.078125 0.08203125
8 0.5498046875 0.8125 0.23046875 0.271484375
7 0.50390625 0.869140625 0.04296875 0.056640625
58 0.4228515625 0.0869140625 0.083984375 0.16796875
57 0.416015625 0.095703125 0.037109375 0.041015625
56 0.4091796875 0.1357421875 0.04296875 0.05078125
47 0.271484375 0.12109375 0.044921875 0.05078125
49 0.2822265625 0.1279296875 0.107421875 0.140625
41 0.3232421875 0.1494140625 0.0390625 0.03125