51 0.9267578125 0.265625 0.091796875 0.11328125
19 0.5048828125 0.3681640625 0.095703125 0.12109375
5 0.259765625 0.4208984375 0.466796875 0.375
37 0.8017578125 0.09765625 0.07421875 0.0703125
21 0.396484375 0.47265625 0.5625 0.4453125
62 0.5595703125 0.4775390625 0.07421875 0.09375
20 0.34765625 0.5224609375 0.306640625 0.240234375
64 0.4716796875 0.564453125 0.560546875 0.447265625
63 0.451171875 0.591796875 0.224609375 0.18359375
5 0.4716796875 0.697265625 0.3359375 0.283203125
6 0.5869140625 0.701171875 0.1015625 0.083984375
4 0.423828125 0.751953125 0.123046875 0.09765625
8 0.5302734375 0.7607421875 0.333984375 0.275390625
7 0.505859375 0.814453125 0.11328125 0.087890625
0 0.275390625 0.26953125 0.140625 0.1171875
35 0.859375 0.1748046875 0.078125 0.1015625
2 0.20703125 0.34765625 0.408203125 0.326171875
4 0.3271484375 0.353515625 0.18359375 0.1484375
1 0.146484375 0.3955078125 0.20703125 0.17578125