51 0.96484375 0.3837890625 0.0703125 0.107421875
19 0.5380859375 0.3740234375 0.087890625 0.115234375
5 0.2890625 0.3623046875 0.4453125 0.341796875
37 0.8955078125 0.189453125 0.0703125 0.06640625
21 0.40625 0.4462890625 0.537109375 0.40625
62 0.5634765625 0.494140625 0.068359375 0.08984375
20 0.3466796875 0.482421875 0.29296875 0.21875
64 0.4560546875 0.5546875 0.533203125 0.408203125
63 0.4287109375 0.576171875 0.212890625 0.16796875
5 0.4208984375 0.68359375 0.3203125 0.259765625
6 0.5322265625 0.716796875 0.095703125 0.078125
4 0.361328125 0.72265625 0.1171875 0.08984375
8 0.4619140625 0.759765625 0.318359375 0.251953125
7 0.423828125 0.8046875 0.109375 0.078125
0 0.341796875 0.2197265625 0.1328125 0.107421875
35 0.9306640625 0.279296875 0.0703125 0.09765625
2 0.2568359375 0.2763671875 0.388671875 0.296875
4 0.37109375 0.314453125 0.17578125 0.134765625
1 0.185546875 0.3076171875 0.1953125 0.162109375