33 0.6376953125 0.369140625 0.046875 0.03125
35 0.359375 0.32421875 0.09375 0.078125
48 0.2529296875 0.33984375 0.1015625 0.07421875
62 0.501953125 0.408203125 0.0625 0.0546875
7 0.6064453125 0.4423828125 0.04296875 0.0234375
30 0.6533203125 0.455078125 0.05859375 0.138671875
40 0.123046875 0.34375 0.24609375 0.35546875
36 0.345703125 0.3994140625 0.158203125 0.267578125
8 0.580078125 0.451171875 0.130859375 0.091796875
29 0.650390625 0.4677734375 0.02734375 0.080078125
6 0.556640625 0.4482421875 0.04296875 0.046875
49 0.240234375 0.4150390625 0.1796875 0.2734375
4 0.5986328125 0.4951171875 0.05859375 0.0390625
13 0.6669921875 0.513671875 0.0234375 0.033203125
5 0.5693359375 0.5009765625 0.138671875 0.11328125
58 0.8095703125 0.5576171875 0.109375 0.205078125
3 0.541015625 0.5029296875 0.056640625 0.0625
57 0.8173828125 0.5673828125 0.048828125 0.05078125
20 0.412109375 0.4814453125 0.056640625 0.17578125
53 0.71875 0.55859375 0.037109375 0.01953125
64 0.4765625 0.5087890625 0.14453125 0.373046875
47 0.2412109375 0.458984375 0.095703125 0.09375
4 0.609375 0.541015625 0.0546875 0.037109375
15 0.65234375 0.5546875 0.08203125 0.166015625
21 0.40625 0.509765625 0.158203125 0.390625
54 0.7138671875 0.5751953125 0.076171875 0.037109375
55 0.7216796875 0.5771484375 0.14453125 0.12109375
5 0.568359375 0.546875 0.158203125 0.12109375
11 0.8564453125 0.607421875 0.041015625 0.02734375
14 0.6484375 0.5712890625 0.041015625 0.09375
3 0.5439453125 0.548828125 0.04296875 0.048828125
12 0.859375 0.6201171875 0.08203125 0.111328125
56 0.796875 0.6171875 0.056640625 0.060546875
4 0.5966796875 0.578125 0.056640625 0.0390625
63 0.474609375 0.552734375 0.07421875 0.181640625
5 0.5576171875 0.5859375 0.15625 0.126953125
37 0.322265625 0.5458984375 0.080078125 0.078125
3 0.5322265625 0.5927734375 0.04296875 0.048828125
1 0.5888671875 0.619140625 0.0546875 0.048828125
19 0.392578125 0.5927734375 0.052734375 0.041015625
2 0.546875 0.6279296875 0.154296875 0.12890625
45 0.224609375 0.5654296875 0.095703125 0.08203125
51 0.103515625 0.5419921875 0.14453125 0.1171875
0 0.515625 0.634765625 0.04296875 0.046875
38 0.30859375 0.611328125 0.142578125 0.24609375
46 0.2119140625 0.634765625 0.162109375 0.255859375
52 0.10546875 0.6279296875 0.2109375 0.357421875
44 0.208984375 0.666015625 0.09375 0.091796875
50 0.091796875 0.6826171875 0.1328125 0.12109375
43 0.4677734375 0.2578125 0.2109375 0.17578125
42 0.4541015625 0.2568359375 0.072265625 0.12109375
41 0.52734375 0.2763671875 0.044921875 0.078125
41 0.396484375 0.2724609375 0.03515625 0.041015625
27 0.607421875 0.3212890625 0.029296875 0.01953125
32 0.568359375 0.3203125 0.0859375 0.216796875
28 0.603515625 0.330078125 0.0859375 0.205078125
39 0.146484375 0.2353515625 0.11328125 0.07421875
31 0.5673828125 0.3447265625 0.029296875 0.08203125
34 0.638671875 0.365234375 0.083984375 0.14453125