42 0.234375 0.404296875 0.033203125 0.015625
41 0.20703125 0.404296875 0.025390625 0.01953125
42 0.302734375 0.4189453125 0.033203125 0.017578125
41 0.2734375 0.4169921875 0.02734375 0.01953125
41 0.2421875 0.419921875 0.025390625 0.01953125
42 0.2119140625 0.4189453125 0.033203125 0.015625
42 0.3095703125 0.4423828125 0.033203125 0.015625
41 0.2802734375 0.439453125 0.025390625 0.01953125
41 0.24609375 0.4443359375 0.025390625 0.021484375
42 0.216796875 0.44140625 0.033203125 0.017578125
42 0.30078125 0.4609375 0.060546875 0.03125
43 0.298828125 0.4736328125 0.10546875 0.119140625
42 0.2333984375 0.4736328125 0.072265625 0.046875
43 0.232421875 0.4814453125 0.111328125 0.12109375
41 0.3037109375 0.5029296875 0.0390625 0.0234375
41 0.2392578125 0.51171875 0.04296875 0.0234375