51 0.5009765625 0.4873046875 0.1015625 0.076171875
39 0.201171875 0.576171875 0.08203125 0.052734375
48 0.7041015625 0.4697265625 0.083984375 0.0625
45 0.609375 0.4951171875 0.083984375 0.0625
42 0.818359375 0.466796875 0.115234375 0.083984375
52 0.5234375 0.568359375 0.17578125 0.27734375
40 0.2294921875 0.658203125 0.18359375 0.265625
36 0.4228515625 0.609375 0.158203125 0.251953125
38 0.322265625 0.634765625 0.171875 0.259765625
49 0.71484375 0.537109375 0.15625 0.232421875
46 0.6279296875 0.560546875 0.146484375 0.23046875
43 0.8271484375 0.51953125 0.169921875 0.220703125
50 0.5322265625 0.6064453125 0.111328125 0.1015625
47 0.7275390625 0.572265625 0.0859375 0.083984375
44 0.634765625 0.595703125 0.087890625 0.08203125
41 0.8408203125 0.56640625 0.08203125 0.05859375