42 0.3779296875 0.333984375 0.015625 0.05078125
41 0.4912109375 0.361328125 0.03515625 0.064453125
43 0.4404296875 0.3583984375 0.181640625 0.134765625
42 0.4189453125 0.3583984375 0.05859375 0.09765625
27 0.583984375 0.390625 0.03125 0.03125
28 0.58203125 0.39453125 0.0625 0.181640625
32 0.5390625 0.392578125 0.064453125 0.189453125
41 0.3740234375 0.375 0.01953125 0.03125
34 0.6259765625 0.4189453125 0.07421875 0.12890625
31 0.544921875 0.412109375 0.021484375 0.072265625
33 0.6279296875 0.4228515625 0.05078125 0.029296875
39 0.1552734375 0.3828125 0.0859375 0.048828125
35 0.3388671875 0.423828125 0.080078125 0.05859375
48 0.248046875 0.4482421875 0.080078125 0.0546875
62 0.484375 0.4765625 0.060546875 0.046875
30 0.6591796875 0.4990234375 0.048828125 0.12890625
7 0.6044921875 0.4931640625 0.048828125 0.01953125
8 0.578125 0.501953125 0.13671875 0.080078125
29 0.66015625 0.5107421875 0.021484375 0.078125
6 0.552734375 0.50390625 0.041015625 0.041015625
36 0.3369140625 0.482421875 0.119140625 0.220703125
40 0.14453125 0.46484375 0.169921875 0.265625
13 0.677734375 0.5244140625 0.01171875 0.005859375
4 0.60546875 0.541015625 0.064453125 0.03125
49 0.24609375 0.5048828125 0.134765625 0.21875
13 0.6865234375 0.552734375 0.021484375 0.029296875
5 0.5751953125 0.546875 0.142578125 0.09765625
58 0.8466796875 0.5859375 0.0859375 0.201171875
3 0.5419921875 0.5537109375 0.0546875 0.0546875
20 0.40625 0.548828125 0.041015625 0.154296875
57 0.853515625 0.595703125 0.046875 0.048828125
53 0.751953125 0.5908203125 0.041015625 0.017578125
4 0.625 0.58203125 0.060546875 0.03125
64 0.4736328125 0.56640625 0.103515625 0.328125
47 0.25 0.5439453125 0.076171875 0.068359375
15 0.6787109375 0.58984375 0.06640625 0.15625
21 0.404296875 0.5703125 0.115234375 0.33984375
5 0.5810546875 0.5888671875 0.16796875 0.1015625
54 0.75 0.6083984375 0.080078125 0.033203125
55 0.755859375 0.611328125 0.138671875 0.115234375
14 0.6767578125 0.609375 0.03125 0.08984375
3 0.552734375 0.595703125 0.04296875 0.04296875
63 0.4794921875 0.603515625 0.0546875 0.1640625
4 0.619140625 0.6181640625 0.060546875 0.033203125
56 0.83984375 0.6474609375 0.0546875 0.056640625
5 0.5771484375 0.6298828125 0.1640625 0.10546875
37 0.3310546875 0.6083984375 0.0703125 0.060546875
3 0.548828125 0.634765625 0.04296875 0.04296875
1 0.615234375 0.6533203125 0.056640625 0.033203125
12 0.87890625 0.685546875 0.08984375 0.076171875
11 0.87890625 0.685546875 0.037109375 0.021484375
19 0.404296875 0.6455078125 0.046875 0.03125
51 0.1435546875 0.6181640625 0.107421875 0.080078125
45 0.2470703125 0.630859375 0.078125 0.060546875
2 0.5712890625 0.6669921875 0.162109375 0.107421875
0 0.537109375 0.6748046875 0.04296875 0.04296875
38 0.3271484375 0.6640625 0.109375 0.197265625
46 0.2451171875 0.685546875 0.1171875 0.201171875
52 0.140625 0.6884765625 0.17578125 0.259765625
44 0.244140625 0.71484375 0.07421875 0.064453125
50 0.1484375 0.728515625 0.099609375 0.08203125