53 0.5693359375 0.5380859375 0.052734375 0.029296875
14 0.2998046875 0.53515625 0.11328125 0.07421875
54 0.5654296875 0.5654296875 0.11328125 0.06640625
55 0.5751953125 0.5732421875 0.220703125 0.216796875
27 0.3505859375 0.5791015625 0.0546875 0.025390625
15 0.2802734375 0.580078125 0.2109375 0.185546875
13 0.23828125 0.5869140625 0.048828125 0.0234375
28 0.3359375 0.6103515625 0.19140625 0.181640625
31 0.39453125 0.619140625 0.064453125 0.0625
32 0.388671875 0.630859375 0.1796875 0.19140625
13 0.220703125 0.6279296875 0.015625 0.017578125
14 0.2109375 0.6318359375 0.041015625 0.02734375
33 0.4541015625 0.6494140625 0.09765625 0.052734375
34 0.4521484375 0.6787109375 0.19921875 0.201171875
29 0.5498046875 0.6826171875 0.07421875 0.0859375
11 0.630859375 0.69921875 0.05078125 0.021484375
30 0.53515625 0.7119140625 0.142578125 0.19140625
12 0.6103515625 0.765625 0.1875 0.2109375