4 0.3095703125 0.3720703125 0.033203125 0.080078125
4 0.27734375 0.375 0.037109375 0.08203125
1 0.2470703125 0.3740234375 0.04296875 0.08203125
4 0.3330078125 0.39453125 0.025390625 0.064453125
1 0.2119140625 0.37109375 0.052734375 0.09765625
7 0.3505859375 0.40625 0.01953125 0.052734375
42 0.646484375 0.46875 0.0234375 0.013671875
47 0.5869140625 0.46484375 0.03515625 0.015625
48 0.6171875 0.47265625 0.025390625 0.01171875
50 0.521484375 0.45703125 0.05078125 0.0234375
5 0.28515625 0.41015625 0.12109375 0.2109375
8 0.3486328125 0.423828125 0.078125 0.15234375
51 0.5625 0.4716796875 0.041015625 0.021484375
5 0.322265625 0.423828125 0.076171875 0.15625
5 0.251953125 0.4150390625 0.13671875 0.22265625
42 0.6455078125 0.5009765625 0.029296875 0.052734375
48 0.6220703125 0.5 0.025390625 0.041015625
2 0.2197265625 0.4189453125 0.140625 0.232421875
3 0.326171875 0.455078125 0.02734375 0.04296875
45 0.5947265625 0.5146484375 0.02734375 0.046875
51 0.5673828125 0.5107421875 0.041015625 0.0625
6 0.34765625 0.4638671875 0.02734375 0.04296875
3 0.2998046875 0.455078125 0.03125 0.046875
43 0.626953125 0.5244140625 0.076171875 0.142578125
35 0.5 0.501953125 0.0703125 0.041015625
3 0.2705078125 0.4609375 0.03515625 0.05078125
49 0.5888671875 0.533203125 0.099609375 0.1640625
21 0.17578125 0.447265625 0.111328125 0.123046875
19 0.16015625 0.4453125 0.044921875 0.068359375
0 0.23828125 0.470703125 0.0390625 0.0546875
41 0.6298828125 0.5556640625 0.017578125 0.02734375
37 0.455078125 0.5244140625 0.07421875 0.044921875
46 0.5771484375 0.552734375 0.078125 0.1640625
47 0.60546875 0.56640625 0.0234375 0.04296875
52 0.5185546875 0.5556640625 0.158203125 0.236328125
39 0.3818359375 0.5390625 0.06640625 0.044921875
44 0.578125 0.5830078125 0.029296875 0.05078125
62 0.162109375 0.509765625 0.04296875 0.06640625
64 0.1650390625 0.5146484375 0.119140625 0.123046875
50 0.548828125 0.6005859375 0.041015625 0.06640625
36 0.4775390625 0.5888671875 0.154296875 0.234375
39 0.423828125 0.587890625 0.0546875 0.0703125
38 0.4306640625 0.619140625 0.16796875 0.26171875
40 0.3662109375 0.6494140625 0.201171875 0.30078125