51 0.505859375 0.4892578125 0.099609375 0.068359375
39 0.1953125 0.4541015625 0.080078125 0.046875
48 0.69921875 0.5517578125 0.08203125 0.056640625
45 0.6025390625 0.5380859375 0.08203125 0.056640625
42 0.8056640625 0.59375 0.111328125 0.076171875
52 0.494140625 0.572265625 0.15625 0.271484375
40 0.189453125 0.5400390625 0.166015625 0.259765625
36 0.3857421875 0.5712890625 0.140625 0.248046875
38 0.2841796875 0.5546875 0.15234375 0.25390625
49 0.6826171875 0.6181640625 0.138671875 0.2265625
46 0.59375 0.60546875 0.12890625 0.224609375
43 0.79296875 0.6455078125 0.154296875 0.21484375
50 0.48828125 0.611328125 0.107421875 0.09375
47 0.6806640625 0.6552734375 0.08203125 0.078125
44 0.5869140625 0.640625 0.083984375 0.078125
41 0.7880859375 0.6943359375 0.080078125 0.052734375