62 0.3984375 0.48828125 0.06640625 0.04296875
20 0.337890625 0.51171875 0.091796875 0.06640625
63 0.521484375 0.560546875 0.17578125 0.126953125
64 0.4921875 0.57421875 0.31640625 0.28125
4 0.37109375 0.603515625 0.10546875 0.087890625
21 0.43359375 0.62109375 0.330078125 0.306640625
4 0.33984375 0.640625 0.076171875 0.078125
5 0.41796875 0.66015625 0.25390625 0.248046875
3 0.48046875 0.66796875 0.083984375 0.08984375
6 0.291015625 0.681640625 0.06640625 0.068359375
20 0.564453125 0.724609375 0.052734375 0.080078125
7 0.3984375 0.740234375 0.08203125 0.07421875
4 0.513671875 0.7421875 0.052734375 0.064453125
8 0.357421875 0.748046875 0.248046875 0.25390625
4 0.51171875 0.767578125 0.05078125 0.0703125
4 0.505859375 0.794921875 0.052734375 0.06640625