1 0.5068359375 0.4072265625 0.134765625 0.111328125
2 0.541015625 0.4521484375 0.267578125 0.2265625
3 0.423828125 0.4453125 0.052734375 0.046875
0 0.595703125 0.4912109375 0.08203125 0.083984375
5 0.49609375 0.470703125 0.322265625 0.279296875
4 0.5478515625 0.5009765625 0.12890625 0.103515625
20 0.427734375 0.5146484375 0.224609375 0.189453125
4 0.515625 0.541015625 0.11328125 0.08984375
21 0.462890625 0.564453125 0.421875 0.36328125
63 0.3720703125 0.5849609375 0.177734375 0.150390625
19 0.5478515625 0.6318359375 0.080078125 0.083984375
4 0.2373046875 0.5673828125 0.1015625 0.0859375
64 0.3955078125 0.619140625 0.44921875 0.396484375
5 0.28125 0.61328125 0.28515625 0.2578125
62 0.4677734375 0.671875 0.068359375 0.072265625
7 0.17578125 0.6298828125 0.09765625 0.08203125
8 0.216796875 0.66015625 0.298828125 0.271484375
6 0.2763671875 0.70703125 0.078125 0.0859375
35 0.720703125 0.951171875 0.064453125 0.0859375