55 0.6318359375 0.544921875 0.21484375 0.22265625
11 0.7958984375 0.5576171875 0.037109375 0.02734375
34 0.365234375 0.5859375 0.2734375 0.236328125
33 0.376953125 0.587890625 0.05859375 0.1328125
12 0.783203125 0.5869140625 0.09765625 0.205078125
13 0.720703125 0.623046875 0.046875 0.025390625
14 0.6357421875 0.650390625 0.15234375 0.048828125
13 0.7353515625 0.6796875 0.033203125 0.046875
15 0.6611328125 0.6884765625 0.234375 0.17578125
28 0.416015625 0.701171875 0.318359375 0.197265625
27 0.427734375 0.7099609375 0.048828125 0.0703125
14 0.64453125 0.7158203125 0.142578125 0.0625
30 0.2177734375 0.7587890625 0.123046875 0.30078125
31 0.4599609375 0.7724609375 0.109375 0.05859375
32 0.4150390625 0.794921875 0.310546875 0.1796875
29 0.2236328125 0.8017578125 0.052734375 0.15625