51 0.5322265625 0.44140625 0.134765625 0.099609375
39 0.8916015625 0.5517578125 0.08984375 0.060546875
35 0.658203125 0.5048828125 0.119140625 0.08984375
37 0.7724609375 0.5361328125 0.103515625 0.087890625
45 0.2607421875 0.41015625 0.1171875 0.083984375
48 0.390625 0.4443359375 0.111328125 0.080078125
42 0.119140625 0.4033203125 0.16015625 0.115234375
52 0.505859375 0.5478515625 0.228515625 0.357421875
39 0.8564453125 0.6455078125 0.19140625 0.306640625
38 0.748046875 0.6201171875 0.193359375 0.3046875
36 0.6337890625 0.591796875 0.1953125 0.30859375
49 0.37109375 0.5341796875 0.189453125 0.296875
46 0.2412109375 0.50390625 0.201171875 0.30859375
43 0.1083984375 0.470703125 0.216796875 0.2890625
50 0.494140625 0.595703125 0.14453125 0.130859375
47 0.35546875 0.5791015625 0.115234375 0.109375
44 0.228515625 0.546875 0.125 0.11328125
41 0.0869140625 0.5341796875 0.111328125 0.078125