19 0.4345703125 0.373046875 0.12109375 0.080078125
62 0.5458984375 0.4306640625 0.09375 0.0625
0 0.185546875 0.4482421875 0.109375 0.146484375
4 0.2744140625 0.4755859375 0.0859375 0.20703125
21 0.400390625 0.5380859375 0.24609375 0.57421875
6 0.7099609375 0.6025390625 0.083984375 0.109375
64 0.517578125 0.568359375 0.234375 0.568359375
63 0.521484375 0.6005859375 0.09765625 0.228515625
2 0.1640625 0.5595703125 0.17578125 0.427734375
5 0.259765625 0.5791015625 0.232421875 0.478515625
20 0.4013671875 0.609375 0.111328125 0.318359375
8 0.6943359375 0.689453125 0.154296875 0.333984375
5 0.6044921875 0.6728515625 0.15234375 0.33203125
1 0.140625 0.634765625 0.107421875 0.22265625
7 0.7021484375 0.74609375 0.0390625 0.134765625
4 0.595703125 0.7470703125 0.0546875 0.142578125