42 0.4267578125 0.3203125 0.01953125 0.0546875
41 0.548828125 0.31640625 0.041015625 0.0703125
42 0.474609375 0.333984375 0.06640625 0.107421875
43 0.49609375 0.330078125 0.197265625 0.15234375
27 0.6474609375 0.3251953125 0.03515625 0.03515625
41 0.4326171875 0.3671875 0.025390625 0.0390625
28 0.64453125 0.33203125 0.080078125 0.19921875
32 0.5927734375 0.3427734375 0.10546875 0.208984375
31 0.6162109375 0.3583984375 0.02734375 0.078125
39 0.220703125 0.4326171875 0.087890625 0.0546875
34 0.69921875 0.34765625 0.080078125 0.140625
33 0.7001953125 0.353515625 0.052734375 0.0390625
35 0.4169921875 0.423828125 0.083984375 0.06640625
48 0.3349609375 0.4755859375 0.0859375 0.064453125
62 0.5791015625 0.4404296875 0.0625 0.052734375
7 0.701171875 0.4287109375 0.046875 0.0234375
30 0.755859375 0.4228515625 0.056640625 0.138671875
8 0.6767578125 0.4453125 0.142578125 0.08984375
40 0.2353515625 0.52734375 0.197265625 0.2890625
29 0.76171875 0.43359375 0.025390625 0.08203125
6 0.654296875 0.455078125 0.04296875 0.046875
36 0.41796875 0.4970703125 0.173828125 0.24609375
49 0.3505859375 0.5419921875 0.15234375 0.240234375
4 0.71875 0.4814453125 0.06640625 0.0390625
13 0.8037109375 0.4697265625 0.025390625 0.033203125
3 0.6611328125 0.51171875 0.05859375 0.0625
20 0.52734375 0.541015625 0.064453125 0.173828125
47 0.3671875 0.5771484375 0.080078125 0.078125
64 0.587890625 0.5458984375 0.158203125 0.37109375
4 0.751953125 0.521484375 0.0625 0.041015625
15 0.8046875 0.515625 0.08203125 0.173828125
21 0.5263671875 0.5703125 0.16015625 0.384765625
5 0.7109375 0.5400390625 0.173828125 0.1171875
55 0.8583984375 0.5185546875 0.0703125 0.1171875
3 0.6865234375 0.5546875 0.046875 0.048828125
14 0.8134765625 0.5341796875 0.03515625 0.099609375
63 0.6162109375 0.5830078125 0.076171875 0.185546875
4 0.7587890625 0.5634765625 0.0625 0.04296875
37 0.466796875 0.626953125 0.076171875 0.06640625
5 0.71875 0.583984375 0.171875 0.119140625
3 0.6943359375 0.5986328125 0.046875 0.048828125
51 0.283203125 0.6884765625 0.119140625 0.09375
1 0.7685546875 0.60546875 0.060546875 0.05078125
45 0.3896484375 0.673828125 0.08203125 0.068359375
19 0.5537109375 0.6494140625 0.05078125 0.037109375
2 0.7265625 0.625 0.16796875 0.123046875
0 0.6962890625 0.6455078125 0.046875 0.048828125
38 0.48046875 0.69140625 0.13671875 0.23046875
46 0.40234375 0.7333984375 0.14453125 0.236328125
52 0.294921875 0.7685546875 0.212890625 0.3125
44 0.4140625 0.7685546875 0.08203125 0.078125
50 0.3212890625 0.8115234375 0.111328125 0.09765625