53 0.59765625 0.490234375 0.06640625 0.025390625
34 0.310546875 0.5087890625 0.208984375 0.146484375
33 0.298828125 0.5078125 0.046875 0.111328125
54 0.59765625 0.525390625 0.130859375 0.044921875
55 0.5947265625 0.53125 0.234375 0.19140625
11 0.7919921875 0.5810546875 0.056640625 0.03125
28 0.345703125 0.6123046875 0.275390625 0.095703125
12 0.78515625 0.6220703125 0.099609375 0.189453125
27 0.33984375 0.6201171875 0.046875 0.060546875
14 0.578125 0.6298828125 0.171875 0.01953125
30 0.177734375 0.623046875 0.078125 0.220703125
13 0.6875 0.6318359375 0.052734375 0.01953125
29 0.1748046875 0.64453125 0.037109375 0.12890625
15 0.6123046875 0.6796875 0.265625 0.12109375
13 0.6943359375 0.6923828125 0.05078125 0.0546875
14 0.5791015625 0.6904296875 0.17578125 0.04296875
31 0.3720703125 0.689453125 0.10546875 0.02734375
32 0.345703125 0.6982421875 0.2734375 0.08203125