42 0.388671875 0.3193359375 0.068359375 0.107421875
27 0.560546875 0.3681640625 0.037109375 0.037109375
28 0.560546875 0.3720703125 0.08203125 0.19140625
32 0.505859375 0.3642578125 0.099609375 0.203125
41 0.3369140625 0.333984375 0.021484375 0.03515625
34 0.603515625 0.3994140625 0.0859375 0.13671875
31 0.51953125 0.38671875 0.025390625 0.07421875
33 0.603515625 0.4072265625 0.0546875 0.0390625
39 0.08984375 0.326171875 0.095703125 0.05859375
35 0.296875 0.3828125 0.08984375 0.06640625
48 0.1962890625 0.40234375 0.09375 0.064453125
62 0.44921875 0.44921875 0.064453125 0.05078125
30 0.6279296875 0.482421875 0.060546875 0.130859375
7 0.57421875 0.4736328125 0.048828125 0.0234375
29 0.6279296875 0.4951171875 0.02734375 0.078125
8 0.544921875 0.48046875 0.14453125 0.08984375
14 0.6494140625 0.5068359375 0.0234375 0.009765625
6 0.5185546875 0.4833984375 0.044921875 0.044921875
35 0.2763671875 0.4423828125 0.171875 0.2421875
40 0.0908203125 0.4111328125 0.181640625 0.291015625
13 0.646484375 0.51171875 0.01171875 0.005859375
4 0.5693359375 0.5244140625 0.068359375 0.041015625
13 0.6533203125 0.5390625 0.0234375 0.03125
49 0.1875 0.458984375 0.1640625 0.244140625
5 0.537109375 0.5283203125 0.15625 0.109375
58 0.806640625 0.583984375 0.103515625 0.203125
3 0.50390625 0.5322265625 0.05859375 0.056640625
57 0.8125 0.5947265625 0.048828125 0.048828125
20 0.3662109375 0.517578125 0.060546875 0.16015625
53 0.7138671875 0.5830078125 0.037109375 0.017578125
15 0.6357421875 0.5732421875 0.087890625 0.16015625
64 0.4296875 0.5390625 0.12890625 0.3359375
4 0.5869140625 0.5673828125 0.0625 0.041015625
47 0.1923828125 0.5029296875 0.083984375 0.07421875
5 0.5390625 0.5703125 0.1796875 0.119140625
54 0.7080078125 0.6005859375 0.078125 0.037109375
55 0.7138671875 0.6015625 0.146484375 0.123046875
21 0.3583984375 0.5400390625 0.146484375 0.349609375
14 0.6376953125 0.59375 0.037109375 0.087890625
3 0.5107421875 0.5751953125 0.044921875 0.044921875
4 0.5791015625 0.603515625 0.0625 0.041015625
63 0.431640625 0.5810546875 0.06640625 0.166015625
56 0.7958984375 0.6455078125 0.056640625 0.05859375
5 0.5322265625 0.6064453125 0.17578125 0.12109375
3 0.5029296875 0.615234375 0.044921875 0.044921875
37 0.2763671875 0.5751953125 0.076171875 0.06640625
1 0.5703125 0.6416015625 0.060546875 0.046875
11 0.830078125 0.6875 0.037109375 0.0234375
12 0.8291015625 0.69140625 0.115234375 0.099609375
2 0.5224609375 0.64453125 0.171875 0.119140625
19 0.3525390625 0.6171875 0.052734375 0.037109375
45 0.181640625 0.5947265625 0.0859375 0.068359375
51 0.072265625 0.5751953125 0.125 0.091796875
0 0.48828125 0.654296875 0.044921875 0.044921875
38 0.2646484375 0.6328125 0.138671875 0.2109375
46 0.1787109375 0.6474609375 0.14453125 0.21484375
52 0.0859375 0.63671875 0.171875 0.296875
44 0.1767578125 0.6787109375 0.083984375 0.0703125
50 0.072265625 0.6904296875 0.111328125 0.091796875
41 0.466796875 0.3271484375 0.041015625 0.068359375
43 0.412109375 0.322265625 0.19921875 0.15234375