51 0.509765625 0.43359375 0.12890625 0.0859375
39 0.8837890625 0.4072265625 0.0859375 0.05078125
35 0.6494140625 0.4482421875 0.11328125 0.078125
37 0.767578125 0.435546875 0.09765625 0.078125
45 0.244140625 0.501953125 0.111328125 0.072265625
48 0.3779296875 0.4873046875 0.10546875 0.0703125
42 0.1103515625 0.5458984375 0.154296875 0.099609375
52 0.5224609375 0.5419921875 0.19140625 0.345703125
39 0.884765625 0.5078125 0.16015625 0.298828125
38 0.7744140625 0.5234375 0.162109375 0.294921875
36 0.658203125 0.5380859375 0.1640625 0.298828125
49 0.3916015625 0.578125 0.16015625 0.287109375
46 0.259765625 0.5966796875 0.169921875 0.296875
43 0.119140625 0.615234375 0.201171875 0.275390625
50 0.529296875 0.5908203125 0.134765625 0.1171875
47 0.3935546875 0.625 0.107421875 0.099609375
44 0.263671875 0.6416015625 0.115234375 0.1015625
41 0.126953125 0.6796875 0.107421875 0.06640625