2 0.822265625 0.3701171875 0.1875 0.181640625
1 0.849609375 0.384765625 0.08984375 0.080078125
0 0.8818359375 0.4248046875 0.033203125 0.0546875
63 0.7607421875 0.9091796875 0.056640625 0.091796875
20 0.744140625 0.9609375 0.0546875 0.078125
3 0.568359375 0.1669921875 0.025390625 0.04296875
5 0.6025390625 0.1787109375 0.111328125 0.091796875
4 0.595703125 0.18359375 0.0390625 0.037109375
3 0.62890625 0.2177734375 0.029296875 0.05078125
5 0.6708984375 0.236328125 0.140625 0.119140625
4 0.6650390625 0.2412109375 0.048828125 0.044921875