40 0.8056640625 0.3935546875 0.060546875 0.09765625
40 0.7783203125 0.4052734375 0.068359375 0.107421875
50 0.662109375 0.4130859375 0.029296875 0.01171875
40 0.74609375 0.4169921875 0.076171875 0.103515625
51 0.634765625 0.4306640625 0.03125 0.0390625
51 0.6669921875 0.4326171875 0.03125 0.03125
52 0.65234375 0.455078125 0.078125 0.125
50 0.6591796875 0.4814453125 0.029296875 0.03125
42 0.3798828125 0.529296875 0.03125 0.017578125
42 0.302734375 0.5400390625 0.03515625 0.021484375
41 0.3515625 0.537109375 0.025390625 0.017578125
41 0.26953125 0.544921875 0.025390625 0.01953125
41 0.322265625 0.55078125 0.025390625 0.017578125
42 0.40625 0.5478515625 0.03125 0.01953125
42 0.2900390625 0.5576171875 0.03515625 0.01953125
41 0.3759765625 0.5556640625 0.025390625 0.01953125
46 0.3701171875 0.5615234375 0.08203125 0.103515625
41 0.345703125 0.5703125 0.025390625 0.01953125
46 0.2890625 0.5751953125 0.083984375 0.109375
42 0.404296875 0.5771484375 0.052734375 0.046875
46 0.3935546875 0.58984375 0.083984375 0.125
46 0.3076171875 0.59765625 0.087890625 0.12890625
42 0.33984375 0.6083984375 0.060546875 0.052734375
46 0.330078125 0.6201171875 0.09375 0.134765625
41 0.404296875 0.6201171875 0.037109375 0.0234375
41 0.345703125 0.65234375 0.041015625 0.03125