39 0.517578125 0.3486328125 0.0390625 0.033203125
37 0.494140625 0.3876953125 0.056640625 0.046875
35 0.4814453125 0.431640625 0.064453125 0.048828125
51 0.4267578125 0.4736328125 0.052734375 0.044921875
35 0.53125 0.4609375 0.033203125 0.068359375
50 0.482421875 0.4755859375 0.064453125 0.048828125
36 0.5390625 0.498046875 0.0703125 0.208984375
51 0.515625 0.5068359375 0.044921875 0.08984375
52 0.474609375 0.5576171875 0.189453125 0.271484375
45 0.4189453125 0.5693359375 0.048828125 0.048828125
44 0.46875 0.576171875 0.060546875 0.048828125
45 0.5009765625 0.599609375 0.04296875 0.0859375
50 0.5322265625 0.5947265625 0.0390625 0.07421875
48 0.3935546875 0.6484375 0.052734375 0.048828125
46 0.4619140625 0.6416015625 0.173828125 0.244140625
47 0.4482421875 0.65234375 0.07421875 0.0625
44 0.515625 0.66796875 0.041015625 0.072265625
48 0.4814453125 0.677734375 0.048828125 0.095703125
49 0.4404296875 0.716796875 0.205078125 0.271484375
41 0.4169921875 0.7392578125 0.05859375 0.056640625
47 0.501953125 0.7509765625 0.04296875 0.0859375
42 0.3798828125 0.80078125 0.0703125 0.083984375
42 0.4599609375 0.8095703125 0.08984375 0.1640625
43 0.4228515625 0.83984375 0.2265625 0.31640625
42 0.39453125 0.8701171875 0.080078125 0.060546875
41 0.4833984375 0.875 0.0546875 0.091796875