17 0.533203125 0.439453125 0.02734375 0.03125
18 0.537109375 0.455078125 0.052734375 0.09765625
3 0.244140625 0.0166015625 0.02734375 0.033203125
5 0.2705078125 0.0302734375 0.115234375 0.060546875
4 0.2802734375 0.0322265625 0.046875 0.03125
3 0.3388671875 0.048828125 0.033203125 0.04296875
5 0.376953125 0.0576171875 0.1484375 0.087890625
4 0.3857421875 0.06640625 0.05859375 0.033203125
2 0.6123046875 0.1298828125 0.2109375 0.109375
0 0.7412109375 0.1513671875 0.05078125 0.021484375
1 0.6357421875 0.14453125 0.099609375 0.046875
1 0.859375 0.18359375 0.09765625 0.03515625
0 0.7109375 0.17578125 0.056640625 0.056640625
2 0.7939453125 0.19140625 0.25390625 0.142578125
1 0.82421875 0.216796875 0.126953125 0.060546875