19 0.2431640625 0.4638671875 0.10546875 0.064453125
62 0.3544921875 0.4814453125 0.078125 0.046875
0 0.62890625 0.5400390625 0.078125 0.115234375
3 0.544921875 0.560546875 0.080078125 0.1171875
6 0.7138671875 0.580078125 0.05859375 0.0859375
64 0.3603515625 0.5966796875 0.150390625 0.48828125
21 0.255859375 0.6083984375 0.150390625 0.49609375
4 0.451171875 0.611328125 0.0390625 0.123046875
63 0.3720703125 0.6318359375 0.064453125 0.19140625
2 0.6337890625 0.6279296875 0.109375 0.34375
5 0.5380859375 0.6396484375 0.134765625 0.357421875
20 0.26953125 0.671875 0.0625 0.275390625
8 0.71484375 0.65625 0.099609375 0.271484375
5 0.46484375 0.6787109375 0.111328125 0.294921875
1 0.6279296875 0.697265625 0.0625 0.17578125
7 0.7333984375 0.69921875 0.0234375 0.10546875
4 0.5537109375 0.70703125 0.044921875 0.173828125