53 0.5673828125 0.5302734375 0.05859375 0.021484375
54 0.5673828125 0.5615234375 0.1171875 0.03515625
55 0.5673828125 0.5673828125 0.2109375 0.166015625
14 0.259765625 0.6171875 0.083984375 0.0859375
27 0.3466796875 0.6416015625 0.0625 0.0234375
11 0.6884765625 0.6552734375 0.052734375 0.01171875
29 0.6259765625 0.65625 0.046875 0.068359375
33 0.5263671875 0.65625 0.107421875 0.025390625
31 0.4287109375 0.6591796875 0.029296875 0.056640625
15 0.2412109375 0.6748046875 0.1796875 0.208984375
13 0.2294921875 0.6748046875 0.064453125 0.03515625
32 0.4150390625 0.6806640625 0.09765625 0.189453125
28 0.3369140625 0.6826171875 0.123046875 0.19140625
34 0.5341796875 0.6904296875 0.154296875 0.16796875
30 0.6298828125 0.6953125 0.099609375 0.1640625
12 0.71484375 0.7109375 0.171875 0.15234375
13 0.23828125 0.7236328125 0.02734375 0.025390625
14 0.21484375 0.7412109375 0.076171875 0.017578125