45 0.2373046875 0.43359375 0.056640625 0.04296875
42 0.171875 0.4423828125 0.078125 0.05859375
51 0.3740234375 0.4365234375 0.056640625 0.04296875
43 0.1796875 0.4609375 0.111328125 0.1484375
51 0.4365234375 0.44140625 0.05859375 0.04296875
51 0.50390625 0.4423828125 0.068359375 0.04296875
46 0.25390625 0.470703125 0.08984375 0.140625
51 0.5869140625 0.447265625 0.072265625 0.05078125
41 0.1875 0.4951171875 0.048828125 0.029296875
44 0.25390625 0.490234375 0.0546875 0.05078125
52 0.3818359375 0.4775390625 0.087890625 0.14453125
52 0.443359375 0.48046875 0.08203125 0.13671875
50 0.3857421875 0.494140625 0.0546875 0.05078125
52 0.5126953125 0.4931640625 0.09375 0.15625
50 0.44921875 0.4990234375 0.056640625 0.048828125
52 0.595703125 0.49609375 0.111328125 0.162109375
50 0.5107421875 0.5087890625 0.0703125 0.0625
50 0.591796875 0.515625 0.07421875 0.0625
42 0.4384765625 0.6396484375 0.0703125 0.0546875
42 0.517578125 0.6494140625 0.0703125 0.0546875
43 0.443359375 0.6669921875 0.08984375 0.12109375
43 0.5205078125 0.6767578125 0.087890625 0.119140625
41 0.4453125 0.6904296875 0.046875 0.025390625
41 0.521484375 0.7001953125 0.05078125 0.029296875