58 0.3193359375 0.328125 0.056640625 0.15625
57 0.314453125 0.3369140625 0.033203125 0.037109375
56 0.3251953125 0.376953125 0.037109375 0.044921875
4 0.4296875 0.4248046875 0.103515625 0.041015625
3 0.3525390625 0.466796875 0.109375 0.03515625
5 0.38671875 0.482421875 0.271484375 0.169921875
20 0.619140625 0.4677734375 0.08984375 0.0390625
62 0.6826171875 0.4833984375 0.0859375 0.033203125
4 0.2900390625 0.5244140625 0.0546875 0.052734375
5 0.41796875 0.537109375 0.302734375 0.205078125
7 0.251953125 0.5625 0.041015625 0.0234375
62 0.724609375 0.544921875 0.01953125 0.06640625
63 0.6005859375 0.5693359375 0.19921875 0.134765625
4 0.310546875 0.595703125 0.064453125 0.060546875
21 0.5166015625 0.5908203125 0.361328125 0.298828125
1 0.2666015625 0.6298828125 0.048828125 0.046875
64 0.6005859375 0.6220703125 0.36328125 0.345703125
63 0.6572265625 0.6220703125 0.10546875 0.134765625
4 0.3203125 0.6513671875 0.05859375 0.0625
20 0.3896484375 0.6640625 0.0859375 0.12109375
63 0.4833984375 0.70703125 0.083984375 0.12890625