40 0.8076171875 0.3994140625 0.05859375 0.09765625
40 0.7802734375 0.41015625 0.06640625 0.10546875
50 0.6630859375 0.416015625 0.029296875 0.01171875
40 0.7470703125 0.4208984375 0.07421875 0.1015625
51 0.63671875 0.4326171875 0.03125 0.0390625
51 0.66796875 0.435546875 0.03125 0.03125
52 0.6533203125 0.4580078125 0.076171875 0.123046875
50 0.66015625 0.484375 0.029296875 0.029296875
42 0.3798828125 0.52734375 0.03125 0.017578125
42 0.3017578125 0.5361328125 0.033203125 0.021484375
41 0.3505859375 0.5341796875 0.025390625 0.015625
41 0.2685546875 0.541015625 0.025390625 0.017578125
41 0.322265625 0.546875 0.025390625 0.015625
42 0.40625 0.5458984375 0.03125 0.01953125
42 0.2890625 0.5546875 0.03515625 0.01953125
41 0.375 0.5537109375 0.025390625 0.017578125
46 0.369140625 0.5595703125 0.080078125 0.1015625
41 0.34375 0.568359375 0.025390625 0.017578125
46 0.287109375 0.572265625 0.08203125 0.107421875
42 0.4033203125 0.576171875 0.052734375 0.046875
46 0.3916015625 0.587890625 0.08203125 0.123046875
46 0.3056640625 0.5947265625 0.0859375 0.126953125
42 0.337890625 0.60546875 0.060546875 0.05078125
46 0.328125 0.6171875 0.091796875 0.134765625
41 0.40234375 0.619140625 0.03515625 0.0234375
41 0.3427734375 0.650390625 0.041015625 0.03125