41 0.3720703125 0.4697265625 0.04296875 0.01953125
42 0.5078125 0.4990234375 0.05859375 0.0234375
41 0.455078125 0.494140625 0.044921875 0.021484375
41 0.3994140625 0.494140625 0.046875 0.0234375
42 0.341796875 0.48828125 0.06640625 0.025390625
42 0.4892578125 0.5478515625 0.1015625 0.083984375
42 0.302734375 0.5185546875 0.029296875 0.044921875
42 0.3720703125 0.548828125 0.1171875 0.09375
43 0.46875 0.576171875 0.1640625 0.212890625
43 0.353515625 0.5869140625 0.1875 0.248046875
41 0.47265625 0.6318359375 0.068359375 0.048828125
41 0.3583984375 0.6416015625 0.0859375 0.056640625