34 0.2744140625 0.5380859375 0.234375 0.19921875
33 0.2470703125 0.5498046875 0.0625 0.111328125
53 0.5419921875 0.51953125 0.072265625 0.044921875
54 0.5478515625 0.556640625 0.14453125 0.08984375
55 0.5615234375 0.560546875 0.29296875 0.291015625
30 0.1865234375 0.62890625 0.103515625 0.19921875
29 0.1904296875 0.65234375 0.05078125 0.1015625
27 0.3037109375 0.6435546875 0.048828125 0.0625
28 0.3271484375 0.64453125 0.2578125 0.15234375
14 0.53125 0.6669921875 0.18359375 0.095703125
11 0.8056640625 0.63671875 0.083984375 0.056640625
31 0.3447265625 0.703125 0.087890625 0.052734375
32 0.33203125 0.708984375 0.228515625 0.150390625
13 0.6533203125 0.6796875 0.05859375 0.044921875
12 0.818359375 0.67578125 0.169921875 0.26953125
15 0.578125 0.7197265625 0.314453125 0.2421875
14 0.533203125 0.734375 0.177734375 0.10546875
13 0.6494140625 0.7490234375 0.0625 0.05859375