39 0.560546875 0.396484375 0.025390625 0.02734375
37 0.537109375 0.4375 0.037109375 0.03515625
40 0.560546875 0.44921875 0.078125 0.140625
35 0.525390625 0.48046875 0.044921875 0.037109375
38 0.548828125 0.48828125 0.083984375 0.142578125
51 0.4921875 0.5234375 0.033203125 0.03125
36 0.5390625 0.52734375 0.087890625 0.134765625
50 0.53515625 0.52734375 0.04296875 0.03515625
51 0.560546875 0.552734375 0.017578125 0.0703125
51 0.509765625 0.576171875 0.072265625 0.033203125
52 0.5234375 0.58203125 0.11328125 0.177734375
45 0.474609375 0.603515625 0.02734375 0.029296875
44 0.51171875 0.611328125 0.037109375 0.03125
50 0.568359375 0.61328125 0.015625 0.060546875
45 0.53515625 0.626953125 0.017578125 0.06640625
46 0.505859375 0.650390625 0.10546875 0.15234375
48 0.455078125 0.666015625 0.029296875 0.033203125
47 0.494140625 0.673828125 0.04296875 0.0390625
44 0.544921875 0.67578125 0.017578125 0.052734375
48 0.517578125 0.693359375 0.01953125 0.072265625
49 0.486328125 0.7109375 0.115234375 0.162109375
48 0.470703125 0.71875 0.06640625 0.029296875
41 0.4453125 0.734375 0.033203125 0.033203125
47 0.529296875 0.73828125 0.017578125 0.060546875
42 0.419921875 0.775390625 0.033203125 0.048828125
42 0.474609375 0.78515625 0.03515625 0.109375
43 0.451171875 0.796875 0.115234375 0.185546875
42 0.42578125 0.82421875 0.05078125 0.01953125
41 0.490234375 0.826171875 0.017578125 0.060546875