51 0.5478515625 0.4453125 0.072265625 0.052734375
51 0.6259765625 0.4541015625 0.068359375 0.05078125
45 0.2607421875 0.42578125 0.0625 0.044921875
51 0.40625 0.447265625 0.05859375 0.041015625
51 0.4697265625 0.45703125 0.05859375 0.041015625
42 0.173828125 0.4306640625 0.091796875 0.0625
52 0.5390625 0.4990234375 0.10546875 0.18359375
52 0.615234375 0.509765625 0.107421875 0.189453125
46 0.2587890625 0.474609375 0.095703125 0.162109375
52 0.46484375 0.5 0.083984375 0.1640625
52 0.400390625 0.494140625 0.0859375 0.16015625
43 0.169921875 0.4677734375 0.123046875 0.166015625
50 0.5341796875 0.525390625 0.072265625 0.064453125
50 0.609375 0.53515625 0.0703125 0.064453125
50 0.3974609375 0.5166015625 0.0625 0.052734375
44 0.251953125 0.4990234375 0.064453125 0.056640625
50 0.4609375 0.5263671875 0.060546875 0.0546875
41 0.1650390625 0.50390625 0.0625 0.0390625
42 0.4892578125 0.712890625 0.076171875 0.052734375
42 0.40625 0.705078125 0.078125 0.05078125
43 0.486328125 0.7421875 0.10546875 0.15625
43 0.40234375 0.734375 0.109375 0.15625
41 0.4794921875 0.78125 0.056640625 0.03515625
41 0.3935546875 0.7724609375 0.056640625 0.037109375