42 0.365234375 0.3369140625 0.056640625 0.1015625
27 0.5419921875 0.3603515625 0.033203125 0.033203125
28 0.5419921875 0.3642578125 0.056640625 0.1875
32 0.4873046875 0.3642578125 0.072265625 0.197265625
41 0.3154296875 0.3583984375 0.017578125 0.033203125
34 0.587890625 0.3857421875 0.068359375 0.12890625
31 0.50390625 0.384765625 0.015625 0.072265625
33 0.58984375 0.3935546875 0.052734375 0.033203125
39 0.0703125 0.3857421875 0.091796875 0.046875
35 0.2822265625 0.412109375 0.083984375 0.0546875
48 0.185546875 0.4462890625 0.087890625 0.0546875
62 0.443359375 0.45703125 0.060546875 0.04296875
30 0.6240234375 0.46484375 0.04296875 0.12890625
7 0.5693359375 0.462890625 0.046875 0.017578125
29 0.6259765625 0.4765625 0.015625 0.076171875
8 0.5419921875 0.4736328125 0.13671875 0.072265625
14 0.6494140625 0.4853515625 0.0234375 0.005859375
6 0.5166015625 0.4814453125 0.041015625 0.041015625
35 0.2705078125 0.474609375 0.142578125 0.2265625
40 0.078125 0.4697265625 0.15625 0.275390625
13 0.646484375 0.4912109375 0.01171875 0.00390625
4 0.572265625 0.5146484375 0.06640625 0.03125
13 0.6572265625 0.517578125 0.01953125 0.02734375
49 0.185546875 0.5029296875 0.134765625 0.228515625
5 0.5400390625 0.5224609375 0.14453125 0.091796875
58 0.8154296875 0.5400390625 0.076171875 0.1953125
3 0.5087890625 0.53125 0.052734375 0.05078125
57 0.822265625 0.55078125 0.04296875 0.044921875
20 0.3701171875 0.5361328125 0.0390625 0.158203125
53 0.72265625 0.552734375 0.03515625 0.013671875
15 0.64453125 0.5537109375 0.068359375 0.154296875
64 0.435546875 0.548828125 0.083984375 0.330078125
4 0.595703125 0.5537109375 0.060546875 0.033203125
47 0.1953125 0.5458984375 0.076171875 0.064453125
5 0.548828125 0.564453125 0.169921875 0.09765625
54 0.720703125 0.5703125 0.076171875 0.025390625
55 0.7265625 0.5703125 0.134765625 0.10546875
21 0.365234375 0.5595703125 0.099609375 0.341796875
14 0.6494140625 0.5732421875 0.02734375 0.0859375
3 0.5205078125 0.5732421875 0.041015625 0.041015625
4 0.5927734375 0.5908203125 0.060546875 0.033203125
63 0.4443359375 0.58984375 0.044921875 0.1640625
56 0.8134765625 0.6025390625 0.05078125 0.052734375
5 0.546875 0.6015625 0.166015625 0.099609375
3 0.51953125 0.6142578125 0.041015625 0.041015625
37 0.2890625 0.6064453125 0.0703125 0.056640625
1 0.5888671875 0.6298828125 0.056640625 0.0390625
11 0.8525390625 0.6396484375 0.03515625 0.01953125
12 0.8525390625 0.6435546875 0.10546875 0.0859375
2 0.5419921875 0.640625 0.162109375 0.099609375
19 0.3701171875 0.6357421875 0.05078125 0.03125
45 0.1982421875 0.6376953125 0.080078125 0.056640625
51 0.0869140625 0.6337890625 0.115234375 0.076171875
0 0.509765625 0.654296875 0.041015625 0.041015625
38 0.28515625 0.6640625 0.111328125 0.19921875
46 0.2021484375 0.6904296875 0.119140625 0.203125
52 0.0888671875 0.6962890625 0.177734375 0.27734375
44 0.205078125 0.72265625 0.076171875 0.060546875
50 0.1025390625 0.748046875 0.1015625 0.080078125
41 0.443359375 0.333984375 0.033203125 0.06640625
43 0.388671875 0.3359375 0.18359375 0.12890625