52 0.7939453125 0.4287109375 0.255859375 0.33203125
52 0.8916015625 0.4609375 0.216796875 0.32421875
49 0.2392578125 0.294921875 0.20703125 0.283203125
52 0.666015625 0.4091796875 0.1953125 0.259765625
43 0.1279296875 0.2744140625 0.22265625 0.28125
50 0.8759765625 0.5078125 0.119140625 0.10546875
50 0.6484375 0.4609375 0.1015625 0.08984375
47 0.2353515625 0.3564453125 0.103515625 0.10546875
42 0.10546875 0.341796875 0.140625 0.091796875
50 0.7001953125 0.310546875 0.05859375 0.02734375
51 0.9423828125 0.3916015625 0.115234375 0.095703125
48 0.2490234375 0.23046875 0.11328125 0.080078125
51 0.689453125 0.3583984375 0.103515625 0.076171875
41 0.1103515625 0.2275390625 0.111328125 0.078125