39 0.09765625 0.2822265625 0.068359375 0.0390625
27 0.517578125 0.3544921875 0.0390625 0.03125
32 0.46484375 0.34765625 0.080078125 0.177734375
28 0.5126953125 0.357421875 0.078125 0.173828125
31 0.4697265625 0.3662109375 0.0234375 0.068359375
34 0.568359375 0.390625 0.09375 0.125
35 0.255859375 0.3427734375 0.078125 0.052734375
33 0.5693359375 0.3984375 0.0625 0.033203125
48 0.171875 0.34765625 0.0703125 0.044921875
40 0.0888671875 0.349609375 0.134765625 0.205078125
62 0.3994140625 0.4130859375 0.064453125 0.044921875
36 0.2490234375 0.3974609375 0.1171875 0.185546875
49 0.16796875 0.400390625 0.119140625 0.177734375
7 0.5380859375 0.4609375 0.056640625 0.017578125
8 0.5078125 0.4638671875 0.1640625 0.068359375
6 0.474609375 0.4580078125 0.048828125 0.0390625
30 0.603515625 0.48046875 0.0625 0.12890625
29 0.603515625 0.4931640625 0.02734375 0.076171875
47 0.1650390625 0.4287109375 0.0703125 0.0625
14 0.638671875 0.51171875 0.033203125 0.0078125
13 0.6318359375 0.5146484375 0.013671875 0.005859375
20 0.3193359375 0.4697265625 0.052734375 0.142578125
4 0.5361328125 0.51171875 0.080078125 0.03125
5 0.5009765625 0.5078125 0.171875 0.083984375
3 0.4619140625 0.50390625 0.064453125 0.052734375
64 0.3828125 0.5009765625 0.1171875 0.3046875
21 0.3154296875 0.4921875 0.123046875 0.310546875
13 0.640625 0.5458984375 0.03125 0.03125
51 0.0712890625 0.4755859375 0.08984375 0.0546875
37 0.2373046875 0.509765625 0.068359375 0.05078125
4 0.5615234375 0.5615234375 0.076171875 0.03125
5 0.5107421875 0.5546875 0.203125 0.0859375
3 0.4716796875 0.55078125 0.052734375 0.04296875
63 0.38671875 0.541015625 0.064453125 0.154296875
58 0.82421875 0.6123046875 0.107421875 0.224609375
15 0.626953125 0.5830078125 0.08984375 0.158203125
45 0.15625 0.5087890625 0.068359375 0.04296875
57 0.8193359375 0.6181640625 0.0546875 0.056640625
53 0.7177734375 0.607421875 0.041015625 0.01953125
11 0.884765625 0.6416015625 0.041015625 0.025390625
14 0.6279296875 0.60546875 0.0390625 0.09375
4 0.5556640625 0.59765625 0.076171875 0.03125
54 0.7158203125 0.625 0.08203125 0.041015625
55 0.71875 0.6279296875 0.158203125 0.13671875
5 0.5029296875 0.59375 0.203125 0.0859375
19 0.3076171875 0.564453125 0.05078125 0.033203125
3 0.4658203125 0.591796875 0.052734375 0.04296875
12 0.8818359375 0.6591796875 0.109375 0.154296875
38 0.2314453125 0.560546875 0.107421875 0.173828125
52 0.0673828125 0.5380859375 0.134765625 0.208984375
46 0.1533203125 0.5556640625 0.111328125 0.173828125
56 0.8046875 0.6748046875 0.064453125 0.0703125
1 0.548828125 0.638671875 0.072265625 0.03515625
2 0.4951171875 0.6318359375 0.19921875 0.087890625
0 0.4541015625 0.62890625 0.052734375 0.04296875
50 0.064453125 0.5673828125 0.087890625 0.0703125
44 0.1484375 0.5849609375 0.068359375 0.056640625
43 0.3740234375 0.2978515625 0.1640625 0.12109375
42 0.3369140625 0.2939453125 0.05859375 0.087890625
41 0.4130859375 0.310546875 0.0390625 0.060546875