19 0.25390625 0.416015625 0.111328125 0.076171875
62 0.361328125 0.4541015625 0.08203125 0.056640625
0 0.6181640625 0.564453125 0.091796875 0.123046875
3 0.5322265625 0.568359375 0.09375 0.125
6 0.6943359375 0.6201171875 0.068359375 0.091796875
64 0.3447265625 0.568359375 0.20703125 0.5
21 0.2392578125 0.5595703125 0.208984375 0.5078125
4 0.4306640625 0.599609375 0.052734375 0.125
63 0.3486328125 0.6044921875 0.087890625 0.1953125
2 0.6064453125 0.6513671875 0.150390625 0.3515625
5 0.5107421875 0.64453125 0.177734375 0.369140625
20 0.2412109375 0.625 0.095703125 0.279296875
8 0.6806640625 0.6943359375 0.130859375 0.279296875
5 0.431640625 0.6689453125 0.146484375 0.302734375
1 0.587890625 0.7177734375 0.083984375 0.1796875
7 0.69140625 0.740234375 0.03515625 0.107421875
4 0.513671875 0.7138671875 0.06640625 0.17578125