20 0.748046875 0.3388671875 0.05859375 0.0390625
20 0.7236328125 0.3916015625 0.080078125 0.103515625
39 0.46875 0.3505859375 0.033203125 0.033203125
21 0.7529296875 0.41796875 0.185546875 0.21484375
63 0.703125 0.4365234375 0.0703125 0.09765625
19 0.7587890625 0.4541015625 0.033203125 0.05078125
37 0.462890625 0.3916015625 0.052734375 0.046875
1 0.818359375 0.4736328125 0.056640625 0.0859375
40 0.4521484375 0.396484375 0.10546875 0.158203125
64 0.7314453125 0.4609375 0.173828125 0.20703125
2 0.8154296875 0.5048828125 0.173828125 0.216796875
4 0.8349609375 0.5087890625 0.064453125 0.08984375
62 0.7353515625 0.49609375 0.03125 0.046875
35 0.4736328125 0.44140625 0.060546875 0.056640625
38 0.4560546875 0.4462890625 0.1171875 0.171875
5 0.8193359375 0.533203125 0.15625 0.212890625
4 0.8505859375 0.54296875 0.060546875 0.0859375
50 0.5244140625 0.4892578125 0.044921875 0.041015625
0 0.7666015625 0.544921875 0.03515625 0.04296875
51 0.47265625 0.4873046875 0.0390625 0.0390625
5 0.8212890625 0.568359375 0.1328125 0.203125
36 0.4638671875 0.4931640625 0.119140625 0.1796875
3 0.78125 0.5771484375 0.037109375 0.04296875
51 0.4501953125 0.5068359375 0.03515625 0.080078125
4 0.849609375 0.6025390625 0.037109375 0.060546875
5 0.82421875 0.61328125 0.099609375 0.16796875
3 0.798828125 0.611328125 0.0390625 0.044921875
52 0.4873046875 0.546875 0.15234375 0.212890625
44 0.51953125 0.5810546875 0.04296875 0.04296875
3 0.8154296875 0.6533203125 0.0390625 0.044921875
45 0.4765625 0.5771484375 0.033203125 0.0390625
50 0.4365234375 0.5673828125 0.03125 0.07421875
45 0.455078125 0.58984375 0.033203125 0.0703125
8 0.8203125 0.6865234375 0.06640625 0.1171875
46 0.48828125 0.619140625 0.134765625 0.181640625
6 0.82421875 0.703125 0.0390625 0.048828125
47 0.533203125 0.6435546875 0.044921875 0.044921875
48 0.486328125 0.6455078125 0.037109375 0.041015625
44 0.44140625 0.640625 0.025390625 0.05859375
48 0.462890625 0.66015625 0.037109375 0.078125
49 0.4990234375 0.6884765625 0.15234375 0.1953125
41 0.501953125 0.716796875 0.048828125 0.044921875
47 0.4462890625 0.7060546875 0.033203125 0.072265625
42 0.49609375 0.76953125 0.04296875 0.0625
42 0.46875 0.767578125 0.0625 0.12109375
43 0.498046875 0.7841796875 0.15625 0.220703125
41 0.451171875 0.8056640625 0.03515625 0.068359375
58 0.654296875 0.1865234375 0.076171875 0.1484375
57 0.6484375 0.1953125 0.033203125 0.0390625
56 0.63671875 0.23046875 0.03515625 0.044921875