8 0.640625 0.4794921875 0.236328125 0.083984375
4 0.400390625 0.490234375 0.099609375 0.025390625
5 0.33984375 0.4990234375 0.2578125 0.09375
2 0.6689453125 0.5498046875 0.29296875 0.103515625
58 0.1767578125 0.564453125 0.109375 0.3125
1 0.7333984375 0.556640625 0.140625 0.05078125
4 0.4462890625 0.5654296875 0.1328125 0.033203125
57 0.1689453125 0.57421875 0.072265625 0.072265625
5 0.3759765625 0.5703125 0.3125 0.109375
64 0.80859375 0.6123046875 0.365234375 0.126953125
63 0.689453125 0.6259765625 0.076171875 0.078125
21 0.4306640625 0.6513671875 0.40234375 0.119140625
56 0.1806640625 0.66015625 0.080078125 0.095703125
20 0.2939453125 0.662109375 0.091796875 0.076171875