20 0.51171875 0.4267578125 0.0625 0.01953125
20 0.4814453125 0.4345703125 0.06640625 0.021484375
19 0.646484375 0.458984375 0.046875 0.03125
63 0.591796875 0.4677734375 0.01953125 0.0390625
64 0.564453125 0.4990234375 0.08203125 0.14453125
21 0.65234375 0.505859375 0.08984375 0.158203125
18 0.4296875 0.5 0.052734375 0.16796875
17 0.396484375 0.501953125 0.04296875 0.0390625
18 0.3955078125 0.5078125 0.06640625 0.171875
21 0.4755859375 0.5126953125 0.09765625 0.1796875
64 0.5341796875 0.5234375 0.087890625 0.17578125
63 0.470703125 0.529296875 0.03515625 0.1171875
64 0.48828125 0.5400390625 0.103515625 0.193359375
16 0.3935546875 0.552734375 0.048828125 0.064453125
62 0.46484375 0.6171875 0.05078125 0.029296875