58 0.349609375 0.388671875 0.06640625 0.13671875
57 0.34765625 0.39453125 0.03125 0.03515625
56 0.357421875 0.4287109375 0.037109375 0.041015625
34 0.140625 0.4970703125 0.0703125 0.099609375
33 0.138671875 0.5048828125 0.044921875 0.029296875
40 0.6103515625 0.40625 0.10546875 0.1484375
38 0.6552734375 0.408203125 0.119140625 0.15625
6 0.24609375 0.5029296875 0.041015625 0.0546875
50 0.7470703125 0.390625 0.0703125 0.06640625
7 0.296875 0.4990234375 0.052734375 0.037109375
8 0.306640625 0.5029296875 0.1875 0.15234375
36 0.6923828125 0.4130859375 0.107421875 0.162109375
52 0.7626953125 0.4052734375 0.158203125 0.19921875
44 0.8212890625 0.40625 0.0625 0.05859375
39 0.6005859375 0.45703125 0.033203125 0.02734375
37 0.646484375 0.4560546875 0.041015625 0.041015625
46 0.8203125 0.41796875 0.123046875 0.169921875
3 0.2744140625 0.5576171875 0.041015625 0.052734375
35 0.69140625 0.4619140625 0.048828125 0.04296875
5 0.3232421875 0.55859375 0.177734375 0.140625
51 0.75 0.4638671875 0.06640625 0.05859375
4 0.3291015625 0.5673828125 0.0625 0.05078125
0 0.451171875 0.5478515625 0.072265625 0.080078125
1 0.59765625 0.513671875 0.203125 0.109375
45 0.8212890625 0.4697265625 0.060546875 0.052734375
3 0.296875 0.6025390625 0.04296875 0.0546875
2 0.5625 0.5458984375 0.380859375 0.271484375
5 0.353515625 0.6142578125 0.208984375 0.173828125
4 0.37109375 0.6259765625 0.07421875 0.06640625
1 0.60546875 0.576171875 0.142578125 0.115234375
3 0.3154296875 0.646484375 0.041015625 0.0546875
62 0.4716796875 0.62109375 0.052734375 0.091796875
5 0.3720703125 0.658203125 0.2109375 0.18359375
4 0.3876953125 0.673828125 0.07421875 0.068359375
63 0.6591796875 0.6494140625 0.26953125 0.21484375
64 0.6669921875 0.658203125 0.53515625 0.40625
19 0.498046875 0.70703125 0.05078125 0.087890625
21 0.6796875 0.7490234375 0.509765625 0.416015625
20 0.6845703125 0.759765625 0.27734375 0.23828125
20 0.8837890625 0.7802734375 0.078125 0.12890625