63 0.7451171875 0.4833984375 0.013671875 0.06640625
60 0.7197265625 0.484375 0.015625 0.068359375
64 0.7470703125 0.4853515625 0.03125 0.095703125
4 0.3388671875 0.47265625 0.03125 0.126953125
61 0.7197265625 0.486328125 0.03125 0.095703125
60 0.6923828125 0.4873046875 0.015625 0.0703125
20 0.658203125 0.4921875 0.01171875 0.072265625
1 0.458984375 0.4873046875 0.02734375 0.0859375
61 0.69140625 0.4990234375 0.03515625 0.119140625
21 0.66015625 0.50390625 0.0390625 0.12890625
4 0.279296875 0.501953125 0.0234375 0.087890625
5 0.330078125 0.509765625 0.1015625 0.255859375
1 0.4150390625 0.5146484375 0.0234375 0.0703125
2 0.4443359375 0.5234375 0.06640625 0.185546875
1 0.3837890625 0.5234375 0.01953125 0.060546875
19 0.662109375 0.548828125 0.03125 0.015625
4 0.224609375 0.537109375 0.0234375 0.08203125
2 0.408203125 0.5439453125 0.06640625 0.1484375
5 0.27734375 0.54296875 0.0859375 0.208984375
2 0.384765625 0.552734375 0.044921875 0.142578125
4 0.185546875 0.5478515625 0.021484375 0.0703125
0 0.455078125 0.56640625 0.037109375 0.056640625
5 0.2255859375 0.5703125 0.083984375 0.171875
3 0.3427734375 0.580078125 0.046875 0.06640625
5 0.1845703125 0.5791015625 0.072265625 0.16015625
0 0.3837890625 0.5859375 0.02734375 0.037109375
3 0.236328125 0.6083984375 0.048828125 0.0625
17 0.302734375 0.7763671875 0.0390625 0.033203125
18 0.306640625 0.7822265625 0.0625 0.154296875
17 0.263671875 0.78515625 0.037109375 0.0390625
18 0.2568359375 0.798828125 0.064453125 0.166015625
16 0.3056640625 0.8173828125 0.044921875 0.0625
59 0.681640625 0.8486328125 0.0234375 0.021484375
16 0.263671875 0.833984375 0.04296875 0.078125
61 0.6748046875 0.873046875 0.048828125 0.13671875
59 0.625 0.8837890625 0.02734375 0.0234375
60 0.650390625 0.88671875 0.013671875 0.048828125
60 0.681640625 0.8916015625 0.015625 0.0625
61 0.650390625 0.890625 0.033203125 0.130859375
59 0.591796875 0.900390625 0.029296875 0.025390625
59 0.6494140625 0.9140625 0.017578125 0.015625
61 0.6240234375 0.9169921875 0.037109375 0.125
61 0.5771484375 0.9248046875 0.068359375 0.14453125
60 0.6240234375 0.9287109375 0.017578125 0.06640625
18 0.5478515625 0.9375 0.044921875 0.125
17 0.556640625 0.939453125 0.0234375 0.02734375
60 0.591796875 0.9453125 0.017578125 0.068359375
18 0.5185546875 0.9453125 0.044921875 0.109375
18 0.4814453125 0.9541015625 0.048828125 0.091796875
17 0.51953125 0.9599609375 0.029296875 0.025390625
16 0.5556640625 0.9736328125 0.029296875 0.052734375
17 0.4892578125 0.978515625 0.03125 0.03125
16 0.5185546875 0.984375 0.037109375 0.03125