56 0.2763671875 0.267578125 0.046875 0.048828125
40 0.6162109375 0.357421875 0.119140625 0.166015625
38 0.6689453125 0.3798828125 0.1328125 0.1640625
39 0.5947265625 0.4140625 0.0390625 0.033203125
36 0.7216796875 0.4052734375 0.142578125 0.169921875
37 0.6484375 0.431640625 0.04296875 0.04296875
52 0.7890625 0.421875 0.1796875 0.19921875
50 0.7841796875 0.4345703125 0.072265625 0.064453125
35 0.697265625 0.4580078125 0.05078125 0.04296875
46 0.8271484375 0.4580078125 0.109375 0.16015625
44 0.8505859375 0.466796875 0.0546875 0.0546875
51 0.759765625 0.4853515625 0.068359375 0.05859375
45 0.826171875 0.5078125 0.060546875 0.048828125
0 0.41015625 0.58984375 0.072265625 0.056640625
19 0.5595703125 0.58984375 0.064453125 0.05859375
4 0.4580078125 0.6103515625 0.0859375 0.091796875
4 0.4951171875 0.6328125 0.0703125 0.08203125
2 0.3798828125 0.6669921875 0.224609375 0.244140625
62 0.61328125 0.6357421875 0.052734375 0.046875
5 0.427734375 0.67578125 0.24609375 0.26171875
1 0.3505859375 0.6884765625 0.119140625 0.123046875
21 0.51171875 0.6953125 0.296875 0.33984375
20 0.49609375 0.7119140625 0.1640625 0.1796875
63 0.578125 0.7294921875 0.119140625 0.142578125
64 0.576171875 0.7314453125 0.294921875 0.35546875
6 0.6982421875 0.771484375 0.060546875 0.056640625
5 0.615234375 0.8154296875 0.203125 0.251953125
4 0.603515625 0.8564453125 0.0703125 0.095703125
8 0.6748046875 0.8486328125 0.197265625 0.251953125
7 0.677734375 0.880859375 0.064453125 0.08984375
58 0.2646484375 0.2119140625 0.08203125 0.173828125
57 0.2607421875 0.2275390625 0.041015625 0.0390625