51 0.4716796875 0.3828125 0.125 0.083984375
39 0.10546875 0.4296875 0.095703125 0.056640625
39 0.109375 0.447265625 0.095703125 0.087890625
48 0.712890625 0.3994140625 0.09765625 0.06640625
45 0.5986328125 0.4111328125 0.09765625 0.068359375
42 0.8466796875 0.4140625 0.134765625 0.095703125
52 0.484375 0.48046875 0.169921875 0.32421875
40 0.1201171875 0.5322265625 0.16796875 0.306640625
38 0.2373046875 0.5234375 0.166015625 0.294921875
36 0.359375 0.5107421875 0.158203125 0.29296875
49 0.7216796875 0.482421875 0.142578125 0.263671875
46 0.609375 0.494140625 0.138671875 0.26171875
43 0.853515625 0.478515625 0.17578125 0.248046875
50 0.4892578125 0.5283203125 0.125 0.115234375
44 0.611328125 0.533203125 0.09765625 0.091796875
47 0.724609375 0.521484375 0.09765625 0.095703125
41 0.85546875 0.53515625 0.099609375 0.0625