17 0.5185546875 0.43359375 0.02734375 0.03125
18 0.5263671875 0.4482421875 0.05078125 0.09765625
3 0.142578125 0.0859375 0.02734375 0.037109375
5 0.169921875 0.0869140625 0.115234375 0.07421875
4 0.1806640625 0.09375 0.046875 0.029296875
3 0.2412109375 0.0966796875 0.033203125 0.041015625
5 0.28125 0.0966796875 0.146484375 0.083984375
4 0.291015625 0.103515625 0.05859375 0.033203125
2 0.5263671875 0.1142578125 0.208984375 0.107421875
0 0.6572265625 0.1064453125 0.05078125 0.021484375
1 0.552734375 0.123046875 0.099609375 0.044921875
1 0.779296875 0.111328125 0.09765625 0.033203125
0 0.6328125 0.13671875 0.056640625 0.056640625
2 0.716796875 0.1337890625 0.251953125 0.138671875
1 0.751953125 0.1513671875 0.126953125 0.05859375