51 0.9677734375 0.46875 0.064453125 0.1171875
19 0.5595703125 0.3828125 0.103515625 0.125
5 0.3154296875 0.3271484375 0.484375 0.404296875
37 0.943359375 0.2626953125 0.078125 0.07421875
21 0.4169921875 0.431640625 0.583984375 0.482421875
62 0.5634765625 0.5048828125 0.080078125 0.09765625
20 0.3515625 0.4560546875 0.318359375 0.259765625
64 0.447265625 0.546875 0.58203125 0.482421875
63 0.4169921875 0.5625 0.232421875 0.197265625
5 0.390625 0.6669921875 0.3515625 0.3046875
6 0.494140625 0.71875 0.10546875 0.091796875
4 0.32421875 0.6953125 0.12890625 0.10546875
8 0.4169921875 0.7490234375 0.34765625 0.296875
7 0.3720703125 0.787109375 0.119140625 0.09375
0 0.3935546875 0.1962890625 0.146484375 0.126953125
35 0.9599609375 0.357421875 0.080078125 0.10546875
2 0.298828125 0.23828125 0.423828125 0.3515625
4 0.4052734375 0.294921875 0.19140625 0.16015625
1 0.2236328125 0.255859375 0.21484375 0.189453125