20 0.7001953125 0.3515625 0.060546875 0.02734375
19 0.6982421875 0.3818359375 0.068359375 0.04296875
19 0.53125 0.4150390625 0.080078125 0.03515625
19 0.529296875 0.4521484375 0.07421875 0.0546875
21 0.7080078125 0.447265625 0.111328125 0.22265625
20 0.708984375 0.455078125 0.041015625 0.080078125
21 0.5458984375 0.517578125 0.12890625 0.25
17 0.4658203125 0.5478515625 0.064453125 0.06640625
18 0.4580078125 0.5498046875 0.11328125 0.2421875
64 0.6220703125 0.5380859375 0.15234375 0.26953125
63 0.6123046875 0.54296875 0.0703125 0.162109375
20 0.548828125 0.556640625 0.05078125 0.1328125
16 0.4765625 0.611328125 0.080078125 0.10546875