4 0.5078125 0.3984375 0.03125 0.01171875
3 0.482421875 0.412109375 0.02734375 0.009765625
4 0.517578125 0.416015625 0.03125 0.021484375
5 0.4931640625 0.421875 0.087890625 0.064453125
3 0.4853515625 0.43359375 0.021484375 0.03125
5 0.3701171875 0.4453125 0.17578125 0.109375
4 0.5146484375 0.4453125 0.03125 0.0234375
17 0.6767578125 0.4462890625 0.013671875 0.017578125
18 0.6728515625 0.4501953125 0.02734375 0.076171875
5 0.4892578125 0.453125 0.083984375 0.060546875
17 0.6630859375 0.4541015625 0.015625 0.017578125
18 0.6591796875 0.4560546875 0.03125 0.078125
3 0.3447265625 0.4658203125 0.04296875 0.04296875
3 0.4833984375 0.462890625 0.025390625 0.029296875
16 0.6728515625 0.4697265625 0.013671875 0.02734375
16 0.66015625 0.4775390625 0.015625 0.029296875
5 0.373046875 0.4921875 0.16796875 0.107421875
3 0.3515625 0.5146484375 0.041015625 0.0390625
63 0.400390625 0.59375 0.021484375 0.03125
64 0.390625 0.625 0.052734375 0.12109375