51 0.5458984375 0.443359375 0.0703125 0.05078125
51 0.6240234375 0.4501953125 0.068359375 0.048828125
45 0.2587890625 0.43359375 0.0625 0.04296875
51 0.404296875 0.4501953125 0.056640625 0.0390625
51 0.46875 0.4580078125 0.056640625 0.0390625
42 0.171875 0.44140625 0.08984375 0.060546875
52 0.5390625 0.498046875 0.099609375 0.1796875
52 0.615234375 0.505859375 0.1015625 0.185546875
46 0.2587890625 0.482421875 0.091796875 0.16015625
52 0.46484375 0.5009765625 0.080078125 0.162109375
52 0.400390625 0.4970703125 0.08203125 0.158203125
43 0.1689453125 0.478515625 0.119140625 0.162109375
50 0.53515625 0.5244140625 0.0703125 0.0625
50 0.611328125 0.53125 0.068359375 0.0625
50 0.3984375 0.5205078125 0.060546875 0.05078125
44 0.251953125 0.5078125 0.0625 0.056640625
50 0.4619140625 0.5283203125 0.05859375 0.052734375
41 0.1650390625 0.515625 0.060546875 0.037109375
42 0.4970703125 0.7138671875 0.07421875 0.05078125
42 0.4130859375 0.7080078125 0.078125 0.048828125
43 0.494140625 0.7421875 0.099609375 0.154296875
43 0.41015625 0.7373046875 0.103515625 0.154296875
41 0.4892578125 0.78125 0.0546875 0.033203125
41 0.4033203125 0.775390625 0.0546875 0.03515625