20 0.72265625 0.388671875 0.05859375 0.021484375
19 0.7158203125 0.41796875 0.06640625 0.037109375
19 0.5458984375 0.421875 0.078125 0.02734375
19 0.537109375 0.4580078125 0.0703125 0.046875
21 0.7138671875 0.484375 0.08984375 0.21484375
20 0.712890625 0.4921875 0.033203125 0.078125
21 0.5419921875 0.525390625 0.10546875 0.2421875
17 0.45703125 0.5419921875 0.05859375 0.060546875
18 0.44921875 0.541015625 0.08984375 0.234375
64 0.61328125 0.55859375 0.126953125 0.259765625
63 0.603515625 0.5625 0.0546875 0.158203125
20 0.5390625 0.5634765625 0.037109375 0.130859375
16 0.45703125 0.6064453125 0.0703125 0.099609375