55 0.623046875 0.564453125 0.240234375 0.24609375
11 0.783203125 0.6025390625 0.041015625 0.033203125
34 0.3525390625 0.564453125 0.298828125 0.267578125
33 0.3642578125 0.5673828125 0.07421875 0.138671875
12 0.765625 0.6298828125 0.12109375 0.21484375
13 0.69921875 0.65625 0.05078125 0.03125
14 0.6103515625 0.6689453125 0.158203125 0.068359375
13 0.705078125 0.7138671875 0.0390625 0.05078125
15 0.6298828125 0.7119140625 0.251953125 0.203125
28 0.384765625 0.6845703125 0.337890625 0.232421875
27 0.3955078125 0.6962890625 0.056640625 0.076171875
14 0.6083984375 0.736328125 0.1484375 0.080078125
30 0.1806640625 0.7119140625 0.158203125 0.3125
31 0.41796875 0.7626953125 0.115234375 0.072265625
32 0.3701171875 0.77734375 0.328125 0.21484375
29 0.1796875 0.7548828125 0.072265625 0.162109375